{0: (array([[1., 0., 0., 0.],
       [0., 1., 0., 0.],
       [0., 0., 1., 0.],
       [0., 0., 0., 1.]]), array([447.67908, 448.76843, 252.56006, 233.65863], dtype=float32)), 1: (array([[1., 0., 0., 0.],
       [0., 1., 0., 0.],
       [0., 0., 1., 0.],
       [0., 0., 0., 1.]]), array([447.67908, 448.76843, 252.56006, 233.65863], dtype=float32)), 2: (array([[1., 0., 0., 0.],
       [0., 1., 0., 0.],
       [0., 0., 1., 0.],
       [0., 0., 0., 1.]]), array([447.67908, 448.76843, 252.56006, 233.65863], dtype=float32)), 3: (array([[1., 0., 0., 0.],
       [0., 1., 0., 0.],
       [0., 0., 1., 0.],
       [0., 0., 0., 1.]]), array([447.67908, 448.76843, 252.56006, 233.65863], dtype=float32)), 4: (array([[ 0.99996307, -0.00699471,  0.00499376, -0.04752346],
       [ 0.00695434,  0.99994338,  0.00805497,  0.00517054],
       [-0.00504982, -0.00801994,  0.99995509,  0.09000236],
       [ 0.        ,  0.        ,  0.        ,  1.        ]]), array([447.67908, 448.76843, 252.56006, 233.65863], dtype=float32)), 5: (array([[1., 0., 0., 0.],
       [0., 1., 0., 0.],
       [0., 0., 1., 0.],
       [0., 0., 0., 1.]]), array([447.67908, 448.76843, 252.56006, 233.65863], dtype=float32)), 6: (array([[1., 0., 0., 0.],
       [0., 1., 0., 0.],
       [0., 0., 1., 0.],
       [0., 0., 0., 1.]]), array([447.67908, 448.76843, 252.56006, 233.65863], dtype=float32)), 7: (array([[1., 0., 0., 0.],
       [0., 1., 0., 0.],
       [0., 0., 1., 0.],
       [0., 0., 0., 1.]]), array([447.67908, 448.76843, 252.56006, 233.65863], dtype=float32)), 8: (array([[ 0.99995857, -0.00700387,  0.00581445, -0.04084036],
       [ 0.00695111,  0.99993493,  0.00904518,  0.00120952],
       [-0.00587742, -0.00900439,  0.99994219,  0.12690794],
       [ 0.        ,  0.        ,  0.        ,  1.        ]]), array([447.67908, 448.76843, 252.56006, 233.65863], dtype=float32)), 9: (array([[1., 0., 0., 0.],
       [0., 1., 0., 0.],
       [0., 0., 1., 0.],
       [0., 0., 0., 1.]]), array([447.67908, 448.76843, 252.56006, 233.65863], dtype=float32)), 10: (array([[1., 0., 0., 0.],
       [0., 1., 0., 0.],
       [0., 0., 1., 0.],
       [0., 0., 0., 1.]]), array([447.67908, 448.76843, 252.56006, 233.65863], dtype=float32)), 11: (array([[1., 0., 0., 0.],
       [0., 1., 0., 0.],
       [0., 0., 1., 0.],
       [0., 0., 0., 1.]]), array([447.67908, 448.76843, 252.56006, 233.65863], dtype=float32)), 12: (array([[ 0.99997001, -0.00482787,  0.00605519, -0.03985744],
       [ 0.00478404,  0.9999624 ,  0.00723241,  0.00772152],
       [-0.00608988, -0.00720323,  0.99995551,  0.13500596],
       [ 0.        ,  0.        ,  0.        ,  1.        ]]), array([447.67908, 448.76843, 252.56006, 233.65863], dtype=float32)), 13: (array([[ 0.99979689, -0.01178808, -0.01634708,  0.17090567],
       [ 0.01167465,  0.99990723, -0.00701704,  0.15802316],
       [ 0.01642828,  0.00682476,  0.99984175,  0.17807696],
       [ 0.        ,  0.        ,  0.        ,  1.        ]]), array([447.67908, 448.76843, 252.56006, 233.65863], dtype=float32)), 14: (array([[ 0.99979689, -0.01178808, -0.01634708,  0.17090567],
       [ 0.01167465,  0.99990723, -0.00701704,  0.15802316],
       [ 0.01642828,  0.00682476,  0.99984175,  0.17807696],
       [ 0.        ,  0.        ,  0.        ,  1.        ]]), array([447.67908, 448.76843, 252.56006, 233.65863], dtype=float32)), 15: (array([[ 0.99979689, -0.01178808, -0.01634708,  0.17090567],
       [ 0.01167465,  0.99990723, -0.00701704,  0.15802316],
       [ 0.01642828,  0.00682476,  0.99984175,  0.17807696],
       [ 0.        ,  0.        ,  0.        ,  1.        ]]), array([447.67908, 448.76843, 252.56006, 233.65863], dtype=float32)), 16: (array([[ 0.99996339, -0.00501064,  0.00693664, -0.04253561],
       [ 0.00496298,  0.99996407,  0.00687166,  0.00470392],
       [-0.00697082, -0.00683698,  0.99995233,  0.12710829],
       [ 0.        ,  0.        ,  0.        ,  1.        ]]), array([447.67908, 448.76843, 252.56006, 233.65863], dtype=float32)), 17: (array([[ 0.99979689, -0.01178808, -0.01634708,  0.17090567],
       [ 0.01167465,  0.99990723, -0.00701704,  0.15802316],
       [ 0.01642828,  0.00682476,  0.99984175,  0.17807696],
       [ 0.        ,  0.        ,  0.        ,  1.        ]]), array([447.67908, 448.76843, 252.56006, 233.65863], dtype=float32)), 18: (array([[ 0.99979689, -0.01178808, -0.01634708,  0.17090567],
       [ 0.01167465,  0.99990723, -0.00701704,  0.15802316],
       [ 0.01642828,  0.00682476,  0.99984175,  0.17807696],
       [ 0.        ,  0.        ,  0.        ,  1.        ]]), array([447.67908, 448.76843, 252.56006, 233.65863], dtype=float32)), 19: (array([[ 0.99979689, -0.01178808, -0.01634708,  0.17090567],
       [ 0.01167465,  0.99990723, -0.00701704,  0.15802316],
       [ 0.01642828,  0.00682476,  0.99984175,  0.17807696],
       [ 0.        ,  0.        ,  0.        ,  1.        ]]), array([447.67908, 448.76843, 252.56006, 233.65863], dtype=float32)), 20: (array([[ 0.99996411, -0.00367224,  0.00763453, -0.02841179],
       [ 0.00362241,  0.99997211,  0.0065316 , -0.00722675],
       [-0.0076583 , -0.00650371,  0.99994952,  0.10603719],
       [ 0.        ,  0.        ,  0.        ,  1.        ]]), array([447.67908, 448.76843, 252.56006, 233.65863], dtype=float32)), 21: (array([[ 0.99979689, -0.01178808, -0.01634708,  0.17090567],
       [ 0.01167465,  0.99990723, -0.00701704,  0.15802316],
       [ 0.01642828,  0.00682476,  0.99984175,  0.17807696],
       [ 0.        ,  0.        ,  0.        ,  1.        ]]), array([447.67908, 448.76843, 252.56006, 233.65863], dtype=float32)), 22: (array([[ 0.99979689, -0.01178808, -0.01634708,  0.17090567],
       [ 0.01167465,  0.99990723, -0.00701704,  0.15802316],
       [ 0.01642828,  0.00682476,  0.99984175,  0.17807696],
       [ 0.        ,  0.        ,  0.        ,  1.        ]]), array([447.67908, 448.76843, 252.56006, 233.65863], dtype=float32)), 23: (array([[ 0.99979689, -0.01178808, -0.01634708,  0.17090567],
       [ 0.01167465,  0.99990723, -0.00701704,  0.15802316],
       [ 0.01642828,  0.00682476,  0.99984175,  0.17807696],
       [ 0.        ,  0.        ,  0.        ,  1.        ]]), array([447.67908, 448.76843, 252.56006, 233.65863], dtype=float32)), 24: (array([[ 0.99997135, -0.00290156,  0.00699147, -0.01234177],
       [ 0.00286228,  0.9999801 ,  0.00562189, -0.02165849],
       [-0.00700764, -0.00560172,  0.99995976,  0.04849827],
       [ 0.        ,  0.        ,  0.        ,  1.        ]]), array([447.67908, 448.76843, 252.56006, 233.65863], dtype=float32)), 25: (array([[ 0.99998531, -0.00507307,  0.00190881,  0.0311961 ],
       [ 0.00508213,  0.9999757 , -0.00477255,  0.08107891],
       [-0.00188456,  0.00478218,  0.99998679,  0.06657744],
       [ 0.        ,  0.        ,  0.        ,  1.        ]]), array([447.67908, 448.76843, 252.56006, 233.65863], dtype=float32)), 26: (array([[ 0.99998531, -0.00507307,  0.00190881,  0.0311961 ],
       [ 0.00508213,  0.9999757 , -0.00477255,  0.08107891],
       [-0.00188456,  0.00478218,  0.99998679,  0.06657744],
       [ 0.        ,  0.        ,  0.        ,  1.        ]]), array([447.67908, 448.76843, 252.56006, 233.65863], dtype=float32)), 27: (array([[ 0.99998531, -0.00507307,  0.00190881,  0.0311961 ],
       [ 0.00508213,  0.9999757 , -0.00477255,  0.08107891],
       [-0.00188456,  0.00478218,  0.99998679,  0.06657744],
       [ 0.        ,  0.        ,  0.        ,  1.        ]]), array([447.67908, 448.76843, 252.56006, 233.65863], dtype=float32)), 28: (array([[ 0.99997577, -0.00310859,  0.00622883,  0.00147135],
       [ 0.00307566,  0.99998129,  0.00528866, -0.02725441],
       [-0.00624516, -0.00526937,  0.99996662,  0.01426731],
       [ 0.        ,  0.        ,  0.        ,  1.        ]]), array([447.67908, 448.76843, 252.56006, 233.65863], dtype=float32)), 29: (array([[ 0.99998531, -0.00507307,  0.00190881,  0.0311961 ],
       [ 0.00508213,  0.9999757 , -0.00477255,  0.08107891],
       [-0.00188456,  0.00478218,  0.99998679,  0.06657744],
       [ 0.        ,  0.        ,  0.        ,  1.        ]]), array([447.67908, 448.76843, 252.56006, 233.65863], dtype=float32)), 30: (array([[ 0.99998531, -0.00507307,  0.00190881,  0.0311961 ],
       [ 0.00508213,  0.9999757 , -0.00477255,  0.08107891],
       [-0.00188456,  0.00478218,  0.99998679,  0.06657744],
       [ 0.        ,  0.        ,  0.        ,  1.        ]]), array([447.67908, 448.76843, 252.56006, 233.65863], dtype=float32)), 31: (array([[ 0.99998531, -0.00507307,  0.00190881,  0.0311961 ],
       [ 0.00508213,  0.9999757 , -0.00477255,  0.08107891],
       [-0.00188456,  0.00478218,  0.99998679,  0.06657744],
       [ 0.        ,  0.        ,  0.        ,  1.        ]]), array([447.67908, 448.76843, 252.56006, 233.65863], dtype=float32)), 32: (array([[ 0.99995766, -0.00317592,  0.00863609, -0.01435005],
       [ 0.00312603,  0.99997838,  0.00578448, -0.04116883],
       [-0.00865427, -0.00575724,  0.99994598, -0.02702656],
       [ 0.        ,  0.        ,  0.        ,  1.        ]]), array([447.67908, 448.76843, 252.56006, 233.65863], dtype=float32)), 33: (array([[ 0.99998531, -0.00507307,  0.00190881,  0.0311961 ],
       [ 0.00508213,  0.9999757 , -0.00477255,  0.08107891],
       [-0.00188456,  0.00478218,  0.99998679,  0.06657744],
       [ 0.        ,  0.        ,  0.        ,  1.        ]]), array([447.67908, 448.76843, 252.56006, 233.65863], dtype=float32)), 34: (array([[ 0.99998531, -0.00507307,  0.00190881,  0.0311961 ],
       [ 0.00508213,  0.9999757 , -0.00477255,  0.08107891],
       [-0.00188456,  0.00478218,  0.99998679,  0.06657744],
       [ 0.        ,  0.        ,  0.        ,  1.        ]]), array([447.67908, 448.76843, 252.56006, 233.65863], dtype=float32)), 35: (array([[ 0.99998531, -0.00507307,  0.00190881,  0.0311961 ],
       [ 0.00508213,  0.9999757 , -0.00477255,  0.08107891],
       [-0.00188456,  0.00478218,  0.99998679,  0.06657744],
       [ 0.        ,  0.        ,  0.        ,  1.        ]]), array([447.67908, 448.76843, 252.56006, 233.65863], dtype=float32)), 36: (array([[ 0.99986787,  0.00581857,  0.01517828, -0.10021681],
       [-0.00574534,  0.99997167, -0.0048641 , -0.15432684],
       [-0.01520616,  0.00477625,  0.99987297, -0.70169837],
       [ 0.        ,  0.        ,  0.        ,  1.        ]]), array([447.67908, 448.76843, 252.56006, 233.65863], dtype=float32)), 37: (array([[ 0.99898433,  0.02372767,  0.03830539, -0.28195266],
       [-0.02307935,  0.9995843 , -0.01727935, -0.06188357],
       [-0.03869946,  0.01637774,  0.99911667, -0.63489817],
       [ 0.        ,  0.        ,  0.        ,  1.        ]]), array([447.67908, 448.76843, 252.56006, 233.65863], dtype=float32)), 38: (array([[ 0.99898433,  0.02372767,  0.03830539, -0.28195266],
       [-0.02307935,  0.9995843 , -0.01727935, -0.06188357],
       [-0.03869946,  0.01637774,  0.99911667, -0.63489817],
       [ 0.        ,  0.        ,  0.        ,  1.        ]]), array([447.67908, 448.76843, 252.56006, 233.65863], dtype=float32)), 39: (array([[ 0.99898433,  0.02372767,  0.03830539, -0.28195266],
       [-0.02307935,  0.9995843 , -0.01727935, -0.06188357],
       [-0.03869946,  0.01637774,  0.99911667, -0.63489817],
       [ 0.        ,  0.        ,  0.        ,  1.        ]]), array([447.67908, 448.76843, 252.56006, 233.65863], dtype=float32)), 40: (array([[ 0.99994521,  0.00289467,  0.01005953, -0.06170413],
       [-0.00282213,  0.99996997, -0.00721764, -0.21485953],
       [-0.01008012,  0.00718885,  0.99992335, -0.96522625],
       [ 0.        ,  0.        ,  0.        ,  1.        ]]), array([447.67908, 448.76843, 252.56006, 233.65863], dtype=float32)), 41: (array([[ 0.99898433,  0.02372767,  0.03830539, -0.28195266],
       [-0.02307935,  0.9995843 , -0.01727935, -0.06188357],
       [-0.03869946,  0.01637774,  0.99911667, -0.63489817],
       [ 0.        ,  0.        ,  0.        ,  1.        ]]), array([447.67908, 448.76843, 252.56006, 233.65863], dtype=float32)), 42: (array([[ 0.99898433,  0.02372767,  0.03830539, -0.28195266],
       [-0.02307935,  0.9995843 , -0.01727935, -0.06188357],
       [-0.03869946,  0.01637774,  0.99911667, -0.63489817],
       [ 0.        ,  0.        ,  0.        ,  1.        ]]), array([447.67908, 448.76843, 252.56006, 233.65863], dtype=float32)), 43: (array([[ 0.99898433,  0.02372767,  0.03830539, -0.28195266],
       [-0.02307935,  0.9995843 , -0.01727935, -0.06188357],
       [-0.03869946,  0.01637774,  0.99911667, -0.63489817],
       [ 0.        ,  0.        ,  0.        ,  1.        ]]), array([447.67908, 448.76843, 252.56006, 233.65863], dtype=float32)), 44: (array([[ 0.99993707,  0.00612913,  0.00939613, -0.06787299],
       [-0.00597466,  0.99984797, -0.01638098, -0.27428924],
       [-0.0094951 ,  0.01632381,  0.99982167, -1.34369659],
       [ 0.        ,  0.        ,  0.        ,  1.        ]]), array([447.67908, 448.76843, 252.56006, 233.65863], dtype=float32)), 45: (array([[ 0.99898433,  0.02372767,  0.03830539, -0.28195266],
       [-0.02307935,  0.9995843 , -0.01727935, -0.06188357],
       [-0.03869946,  0.01637774,  0.99911667, -0.63489817],
       [ 0.        ,  0.        ,  0.        ,  1.        ]]), array([447.67908, 448.76843, 252.56006, 233.65863], dtype=float32)), 46: (array([[ 0.99898433,  0.02372767,  0.03830539, -0.28195266],
       [-0.02307935,  0.9995843 , -0.01727935, -0.06188357],
       [-0.03869946,  0.01637774,  0.99911667, -0.63489817],
       [ 0.        ,  0.        ,  0.        ,  1.        ]]), array([447.67908, 448.76843, 252.56006, 233.65863], dtype=float32)), 47: (array([[ 0.99898433,  0.02372767,  0.03830539, -0.28195266],
       [-0.02307935,  0.9995843 , -0.01727935, -0.06188357],
       [-0.03869946,  0.01637774,  0.99911667, -0.63489817],
       [ 0.        ,  0.        ,  0.        ,  1.        ]]), array([447.67908, 448.76843, 252.56006, 233.65863], dtype=float32)), 48: (array([[ 0.99986326,  0.01252379,  0.01079878, -0.11741616],
       [-0.01218826,  0.9994575 , -0.03059657, -0.30966981],
       [-0.01117611,  0.03046077,  0.99947348, -1.93611798],
       [ 0.        ,  0.        ,  0.        ,  1.        ]]), array([447.67908, 448.76843, 252.56006, 233.65863], dtype=float32)), 49: (array([[ 0.99990573,  0.0123635 ,  0.00597231, -0.07602481],
       [-0.01213259,  0.99923182, -0.03726354, -0.25343372],
       [-0.00642843,  0.03718756,  0.99928763, -1.96760077],
       [ 0.        ,  0.        ,  0.        ,  1.        ]]), array([447.67908, 448.76843, 252.56006, 233.65863], dtype=float32)), 50: (array([[ 0.99990573,  0.0123635 ,  0.00597231, -0.07602481],
       [-0.01213259,  0.99923182, -0.03726354, -0.25343372],
       [-0.00642843,  0.03718756,  0.99928763, -1.96760077],
       [ 0.        ,  0.        ,  0.        ,  1.        ]]), array([447.67908, 448.76843, 252.56006, 233.65863], dtype=float32)), 51: (array([[ 0.99990573,  0.0123635 ,  0.00597231, -0.07602481],
       [-0.01213259,  0.99923182, -0.03726354, -0.25343372],
       [-0.00642843,  0.03718756,  0.99928763, -1.96760077],
       [ 0.        ,  0.        ,  0.        ,  1.        ]]), array([447.67908, 448.76843, 252.56006, 233.65863], dtype=float32)), 52: (array([[ 0.999943  ,  0.00859838,  0.00633029, -0.07219944],
       [-0.00837759,  0.99938275, -0.03411654, -0.31028798],
       [-0.00661973,  0.03406156,  0.99939781, -2.08103994],
       [ 0.        ,  0.        ,  0.        ,  1.        ]]), array([447.67908, 448.76843, 252.56006, 233.65863], dtype=float32)), 53: (array([[ 0.99990573,  0.0123635 ,  0.00597231, -0.07602481],
       [-0.01213259,  0.99923182, -0.03726354, -0.25343372],
       [-0.00642843,  0.03718756,  0.99928763, -1.96760077],
       [ 0.        ,  0.        ,  0.        ,  1.        ]]), array([447.67908, 448.76843, 252.56006, 233.65863], dtype=float32)), 54: (array([[ 0.99990573,  0.0123635 ,  0.00597231, -0.07602481],
       [-0.01213259,  0.99923182, -0.03726354, -0.25343372],
       [-0.00642843,  0.03718756,  0.99928763, -1.96760077],
       [ 0.        ,  0.        ,  0.        ,  1.        ]]), array([447.67908, 448.76843, 252.56006, 233.65863], dtype=float32)), 55: (array([[ 0.99990573,  0.0123635 ,  0.00597231, -0.07602481],
       [-0.01213259,  0.99923182, -0.03726354, -0.25343372],
       [-0.00642843,  0.03718756,  0.99928763, -1.96760077],
       [ 0.        ,  0.        ,  0.        ,  1.        ]]), array([447.67908, 448.76843, 252.56006, 233.65863], dtype=float32)), 56: (array([[ 0.99988729,  0.0120787 ,  0.00891671, -0.16375142],
       [-0.01168073,  0.99898907, -0.04340975, -0.36883639],
       [-0.00943203,  0.0433007 ,  0.99901756, -2.5982695 ],
       [ 0.        ,  0.        ,  0.        ,  1.        ]]), array([447.67908, 448.76843, 252.56006, 233.65863], dtype=float32)), 57: (array([[ 0.99990573,  0.0123635 ,  0.00597231, -0.07602481],
       [-0.01213259,  0.99923182, -0.03726354, -0.25343372],
       [-0.00642843,  0.03718756,  0.99928763, -1.96760077],
       [ 0.        ,  0.        ,  0.        ,  1.        ]]), array([447.67908, 448.76843, 252.56006, 233.65863], dtype=float32)), 58: (array([[ 0.99990573,  0.0123635 ,  0.00597231, -0.07602481],
       [-0.01213259,  0.99923182, -0.03726354, -0.25343372],
       [-0.00642843,  0.03718756,  0.99928763, -1.96760077],
       [ 0.        ,  0.        ,  0.        ,  1.        ]]), array([447.67908, 448.76843, 252.56006, 233.65863], dtype=float32)), 59: (array([[ 0.99990573,  0.0123635 ,  0.00597231, -0.07602481],
       [-0.01213259,  0.99923182, -0.03726354, -0.25343372],
       [-0.00642843,  0.03718756,  0.99928763, -1.96760077],
       [ 0.        ,  0.        ,  0.        ,  1.        ]]), array([447.67908, 448.76843, 252.56006, 233.65863], dtype=float32)), 60: (array([[ 0.9997345 ,  0.01168865,  0.01985717, -0.42397737],
       [-0.01064071,  0.99858602, -0.05208396, -0.55305424],
       [-0.02043788,  0.05185884,  0.99844527, -3.52194782],
       [ 0.        ,  0.        ,  0.        ,  1.        ]]), array([447.67908, 448.76843, 252.56006, 233.65863], dtype=float32)), 61: (array([[ 0.99985134,  0.01032911,  0.01380572, -0.37832297],
       [-0.00943196,  0.9979347 , -0.06354032, -0.43017366],
       [-0.01443352,  0.06340066,  0.99788378, -3.60366275],
       [ 0.        ,  0.        ,  0.        ,  1.        ]]), array([447.67908, 448.76843, 252.56006, 233.65863], dtype=float32)), 62: (array([[ 0.99985134,  0.01032911,  0.01380572, -0.37832297],
       [-0.00943196,  0.9979347 , -0.06354032, -0.43017366],
       [-0.01443352,  0.06340066,  0.99788378, -3.60366275],
       [ 0.        ,  0.        ,  0.        ,  1.        ]]), array([447.67908, 448.76843, 252.56006, 233.65863], dtype=float32)), 63: (array([[ 0.99985134,  0.01032911,  0.01380572, -0.37832297],
       [-0.00943196,  0.9979347 , -0.06354032, -0.43017366],
       [-0.01443352,  0.06340066,  0.99788378, -3.60366275],
       [ 0.        ,  0.        ,  0.        ,  1.        ]]), array([447.67908, 448.76843, 252.56006, 233.65863], dtype=float32)), 64: (array([[ 0.99983044,  0.00923903,  0.01592908, -0.43335359],
       [-0.00818008,  0.99783157, -0.06530881, -0.50767066],
       [-0.01649792,  0.06516743,  0.99773795, -3.9662645 ],
       [ 0.        ,  0.        ,  0.        ,  1.        ]]), array([447.67908, 448.76843, 252.56006, 233.65863], dtype=float32)), 65: (array([[ 0.99985134,  0.01032911,  0.01380572, -0.37832297],
       [-0.00943196,  0.9979347 , -0.06354032, -0.43017366],
       [-0.01443352,  0.06340066,  0.99788378, -3.60366275],
       [ 0.        ,  0.        ,  0.        ,  1.        ]]), array([447.67908, 448.76843, 252.56006, 233.65863], dtype=float32)), 66: (array([[ 0.99985134,  0.01032911,  0.01380572, -0.37832297],
       [-0.00943196,  0.9979347 , -0.06354032, -0.43017366],
       [-0.01443352,  0.06340066,  0.99788378, -3.60366275],
       [ 0.        ,  0.        ,  0.        ,  1.        ]]), array([447.67908, 448.76843, 252.56006, 233.65863], dtype=float32)), 67: (array([[ 0.99985134,  0.01032911,  0.01380572, -0.37832297],
       [-0.00943196,  0.9979347 , -0.06354032, -0.43017366],
       [-0.01443352,  0.06340066,  0.99788378, -3.60366275],
       [ 0.        ,  0.        ,  0.        ,  1.        ]]), array([447.67908, 448.76843, 252.56006, 233.65863], dtype=float32)), 68: (array([[ 0.99979764,  0.00989093,  0.01751714, -0.45685854],
       [-0.00868863,  0.99768623, -0.06742911, -0.51454155],
       [-0.01814355,  0.06726327,  0.99757028, -4.10043053],
       [ 0.        ,  0.        ,  0.        ,  1.        ]]), array([447.67908, 448.76843, 252.56006, 233.65863], dtype=float32)), 69: (array([[ 0.99985134,  0.01032911,  0.01380572, -0.37832297],
       [-0.00943196,  0.9979347 , -0.06354032, -0.43017366],
       [-0.01443352,  0.06340066,  0.99788378, -3.60366275],
       [ 0.        ,  0.        ,  0.        ,  1.        ]]), array([447.67908, 448.76843, 252.56006, 233.65863], dtype=float32)), 70: (array([[ 0.99985134,  0.01032911,  0.01380572, -0.37832297],
       [-0.00943196,  0.9979347 , -0.06354032, -0.43017366],
       [-0.01443352,  0.06340066,  0.99788378, -3.60366275],
       [ 0.        ,  0.        ,  0.        ,  1.        ]]), array([447.67908, 448.76843, 252.56006, 233.65863], dtype=float32)), 71: (array([[ 0.99985134,  0.01032911,  0.01380572, -0.37832297],
       [-0.00943196,  0.9979347 , -0.06354032, -0.43017366],
       [-0.01443352,  0.06340066,  0.99788378, -3.60366275],
       [ 0.        ,  0.        ,  0.        ,  1.        ]]), array([447.67908, 448.76843, 252.56006, 233.65863], dtype=float32)), 72: (array([[ 0.99976542,  0.01056536,  0.01890688, -0.47150496],
       [-0.00926525,  0.99767101, -0.06757742, -0.52102279],
       [-0.01957682,  0.0673864 ,  0.99753487, -4.10061897],
       [ 0.        ,  0.        ,  0.        ,  1.        ]]), array([447.67908, 448.76843, 252.56006, 233.65863], dtype=float32)), 73: (array([[ 0.99985718,  0.00775636,  0.01501539, -0.45096734],
       [-0.00668342,  0.99750826, -0.07023255, -0.494217  ],
       [-0.01552273,  0.07012216,  0.99741763, -4.18126517],
       [ 0.        ,  0.        ,  0.        ,  1.        ]]), array([447.67908, 448.76843, 252.56006, 233.65863], dtype=float32)), 74: (array([[ 0.99985718,  0.00775636,  0.01501539, -0.45096734],
       [-0.00668342,  0.99750826, -0.07023255, -0.494217  ],
       [-0.01552273,  0.07012216,  0.99741763, -4.18126517],
       [ 0.        ,  0.        ,  0.        ,  1.        ]]), array([447.67908, 448.76843, 252.56006, 233.65863], dtype=float32)), 75: (array([[ 0.99985718,  0.00775636,  0.01501539, -0.45096734],
       [-0.00668342,  0.99750826, -0.07023255, -0.494217  ],
       [-0.01552273,  0.07012216,  0.99741763, -4.18126517],
       [ 0.        ,  0.        ,  0.        ,  1.        ]]), array([447.67908, 448.76843, 252.56006, 233.65863], dtype=float32)), 76: (array([[ 0.99977362,  0.01162176,  0.01782282, -0.44413674],
       [-0.0103675 ,  0.99756831, -0.06892011, -0.52463998],
       [-0.01858046,  0.06871973,  0.99746296, -4.13213423],
       [ 0.        ,  0.        ,  0.        ,  1.        ]]), array([447.67908, 448.76843, 252.56006, 233.65863], dtype=float32)), 77: (array([[ 0.99985718,  0.00775636,  0.01501539, -0.45096734],
       [-0.00668342,  0.99750826, -0.07023255, -0.494217  ],
       [-0.01552273,  0.07012216,  0.99741763, -4.18126517],
       [ 0.        ,  0.        ,  0.        ,  1.        ]]), array([447.67908, 448.76843, 252.56006, 233.65863], dtype=float32)), 78: (array([[ 0.99985718,  0.00775636,  0.01501539, -0.45096734],
       [-0.00668342,  0.99750826, -0.07023255, -0.494217  ],
       [-0.01552273,  0.07012216,  0.99741763, -4.18126517],
       [ 0.        ,  0.        ,  0.        ,  1.        ]]), array([447.67908, 448.76843, 252.56006, 233.65863], dtype=float32)), 79: (array([[ 0.99985718,  0.00775636,  0.01501539, -0.45096734],
       [-0.00668342,  0.99750826, -0.07023255, -0.494217  ],
       [-0.01552273,  0.07012216,  0.99741763, -4.18126517],
       [ 0.        ,  0.        ,  0.        ,  1.        ]]), array([447.67908, 448.76843, 252.56006, 233.65863], dtype=float32)), 80: (array([[ 0.99959781,  0.0194534 ,  0.02063446, -0.47303449],
       [-0.01773177,  0.99659145, -0.08056715, -0.52649691],
       [-0.02213143,  0.08016886,  0.99653558, -4.6515232 ],
       [ 0.        ,  0.        ,  0.        ,  1.        ]]), array([447.67908, 448.76843, 252.56006, 233.65863], dtype=float32)), 81: (array([[ 0.99985718,  0.00775636,  0.01501539, -0.45096734],
       [-0.00668342,  0.99750826, -0.07023255, -0.494217  ],
       [-0.01552273,  0.07012216,  0.99741763, -4.18126517],
       [ 0.        ,  0.        ,  0.        ,  1.        ]]), array([447.67908, 448.76843, 252.56006, 233.65863], dtype=float32)), 82: (array([[ 0.99985718,  0.00775636,  0.01501539, -0.45096734],
       [-0.00668342,  0.99750826, -0.07023255, -0.494217  ],
       [-0.01552273,  0.07012216,  0.99741763, -4.18126517],
       [ 0.        ,  0.        ,  0.        ,  1.        ]]), array([447.67908, 448.76843, 252.56006, 233.65863], dtype=float32)), 83: (array([[ 0.99985718,  0.00775636,  0.01501539, -0.45096734],
       [-0.00668342,  0.99750826, -0.07023255, -0.494217  ],
       [-0.01552273,  0.07012216,  0.99741763, -4.18126517],
       [ 0.        ,  0.        ,  0.        ,  1.        ]]), array([447.67908, 448.76843, 252.56006, 233.65863], dtype=float32)), 84: (array([[ 0.99959492,  0.02225582,  0.0177391 , -0.47970749],
       [-0.02047981,  0.99529658, -0.09468523, -0.51995548],
       [-0.01976297,  0.09428359,  0.9953492 , -5.23180529],
       [ 0.        ,  0.        ,  0.        ,  1.        ]]), array([447.67908, 448.76843, 252.56006, 233.65863], dtype=float32)), 85: (array([[ 0.99970423,  0.01904442,  0.0151251 , -0.46784663],
       [-0.0176199 ,  0.9958489 , -0.08930007, -0.59826163],
       [-0.01676299,  0.08900715,  0.99588992, -5.29463286],
       [ 0.        ,  0.        ,  0.        ,  1.        ]]), array([447.67908, 448.76843, 252.56006, 233.65863], dtype=float32)), 86: (array([[ 0.99970423,  0.01904442,  0.0151251 , -0.46784663],
       [-0.0176199 ,  0.9958489 , -0.08930007, -0.59826163],
       [-0.01676299,  0.08900715,  0.99588992, -5.29463286],
       [ 0.        ,  0.        ,  0.        ,  1.        ]]), array([447.67908, 448.76843, 252.56006, 233.65863], dtype=float32)), 87: (array([[ 0.99970423,  0.01904442,  0.0151251 , -0.46784663],
       [-0.0176199 ,  0.9958489 , -0.08930007, -0.59826163],
       [-0.01676299,  0.08900715,  0.99588992, -5.29463286],
       [ 0.        ,  0.        ,  0.        ,  1.        ]]), array([447.67908, 448.76843, 252.56006, 233.65863], dtype=float32)), 88: (array([[ 0.99918347,  0.03383906,  0.02207519, -0.50864935],
       [-0.03150511,  0.99462331, -0.09865038, -0.55435808],
       [-0.02529473,  0.09787435,  0.99487727, -5.56977462],
       [ 0.        ,  0.        ,  0.        ,  1.        ]]), array([447.67908, 448.76843, 252.56006, 233.65863], dtype=float32)), 89: (array([[ 0.99970423,  0.01904442,  0.0151251 , -0.46784663],
       [-0.0176199 ,  0.9958489 , -0.08930007, -0.59826163],
       [-0.01676299,  0.08900715,  0.99588992, -5.29463286],
       [ 0.        ,  0.        ,  0.        ,  1.        ]]), array([447.67908, 448.76843, 252.56006, 233.65863], dtype=float32)), 90: (array([[ 0.99970423,  0.01904442,  0.0151251 , -0.46784663],
       [-0.0176199 ,  0.9958489 , -0.08930007, -0.59826163],
       [-0.01676299,  0.08900715,  0.99588992, -5.29463286],
       [ 0.        ,  0.        ,  0.        ,  1.        ]]), array([447.67908, 448.76843, 252.56006, 233.65863], dtype=float32)), 91: (array([[ 0.99970423,  0.01904442,  0.0151251 , -0.46784663],
       [-0.0176199 ,  0.9958489 , -0.08930007, -0.59826163],
       [-0.01676299,  0.08900715,  0.99588992, -5.29463286],
       [ 0.        ,  0.        ,  0.        ,  1.        ]]), array([447.67908, 448.76843, 252.56006, 233.65863], dtype=float32)), 92: (array([[ 0.99765842,  0.05518699,  0.04039905, -0.57742417],
       [-0.05090923,  0.99366553, -0.1001851 , -0.57064809],
       [-0.04567206,  0.09789383,  0.99414831, -5.91872033],
       [ 0.        ,  0.        ,  0.        ,  1.        ]]), array([447.67908, 448.76843, 252.56006, 233.65863], dtype=float32)), 93: (array([[ 0.99970423,  0.01904442,  0.0151251 , -0.46784663],
       [-0.0176199 ,  0.9958489 , -0.08930007, -0.59826163],
       [-0.01676299,  0.08900715,  0.99588992, -5.29463286],
       [ 0.        ,  0.        ,  0.        ,  1.        ]]), array([447.67908, 448.76843, 252.56006, 233.65863], dtype=float32)), 94: (array([[ 0.99970423,  0.01904442,  0.0151251 , -0.46784663],
       [-0.0176199 ,  0.9958489 , -0.08930007, -0.59826163],
       [-0.01676299,  0.08900715,  0.99588992, -5.29463286],
       [ 0.        ,  0.        ,  0.        ,  1.        ]]), array([447.67908, 448.76843, 252.56006, 233.65863], dtype=float32)), 95: (array([[ 0.99970423,  0.01904442,  0.0151251 , -0.46784663],
       [-0.0176199 ,  0.9958489 , -0.08930007, -0.59826163],
       [-0.01676299,  0.08900715,  0.99588992, -5.29463286],
       [ 0.        ,  0.        ,  0.        ,  1.        ]]), array([447.67908, 448.76843, 252.56006, 233.65863], dtype=float32)), 96: (array([[ 0.99651316,  0.06809298,  0.04821681, -0.65086503],
       [-0.06237936,  0.99181092, -0.11144468, -0.58404886],
       [-0.05541056,  0.10804836,  0.99260023, -6.57113192],
       [ 0.        ,  0.        ,  0.        ,  1.        ]]), array([447.67908, 448.76843, 252.56006, 233.65863], dtype=float32)), 97: (array([[ 0.99682464,  0.06569079,  0.04500394, -0.61733885],
       [-0.0608038 ,  0.99287498, -0.10248007, -0.73137042],
       [-0.05141528,  0.09941825,  0.9937165 , -6.62848018],
       [ 0.        ,  0.        ,  0.        ,  1.        ]]), array([447.67908, 448.76843, 252.56006, 233.65863], dtype=float32)), 98: (array([[ 0.99682464,  0.06569079,  0.04500394, -0.61733885],
       [-0.0608038 ,  0.99287498, -0.10248007, -0.73137042],
       [-0.05141528,  0.09941825,  0.9937165 , -6.62848018],
       [ 0.        ,  0.        ,  0.        ,  1.        ]]), array([447.67908, 448.76843, 252.56006, 233.65863], dtype=float32)), 99: (array([[ 0.99682464,  0.06569079,  0.04500394, -0.61733885],
       [-0.0608038 ,  0.99287498, -0.10248007, -0.73137042],
       [-0.05141528,  0.09941825,  0.9937165 , -6.62848018],
       [ 0.        ,  0.        ,  0.        ,  1.        ]]), array([447.67908, 448.76843, 252.56006, 233.65863], dtype=float32)), 100: (array([[ 0.99594552,  0.07319868,  0.05229218, -0.7306233 ],
       [-0.06666169,  0.99084867, -0.11736755, -0.62469791],
       [-0.06040479,  0.1134058 ,  0.99171084, -7.0893074 ],
       [ 0.        ,  0.        ,  0.        ,  1.        ]]), array([447.67908, 448.76843, 252.56006, 233.65863], dtype=float32)), 101: (array([[ 0.99682464,  0.06569079,  0.04500394, -0.61733885],
       [-0.0608038 ,  0.99287498, -0.10248007, -0.73137042],
       [-0.05141528,  0.09941825,  0.9937165 , -6.62848018],
       [ 0.        ,  0.        ,  0.        ,  1.        ]]), array([447.67908, 448.76843, 252.56006, 233.65863], dtype=float32)), 102: (array([[ 0.99682464,  0.06569079,  0.04500394, -0.61733885],
       [-0.0608038 ,  0.99287498, -0.10248007, -0.73137042],
       [-0.05141528,  0.09941825,  0.9937165 , -6.62848018],
       [ 0.        ,  0.        ,  0.        ,  1.        ]]), array([447.67908, 448.76843, 252.56006, 233.65863], dtype=float32)), 103: (array([[ 0.99682464,  0.06569079,  0.04500394, -0.61733885],
       [-0.0608038 ,  0.99287498, -0.10248007, -0.73137042],
       [-0.05141528,  0.09941825,  0.9937165 , -6.62848018],
       [ 0.        ,  0.        ,  0.        ,  1.        ]]), array([447.67908, 448.76843, 252.56006, 233.65863], dtype=float32)), 104: (array([[ 0.99558621,  0.07794408,  0.05227641, -0.74446969],
       [-0.07142603,  0.99059622, -0.11669385, -0.60016997],
       [-0.0608804 ,  0.11244489,  0.99179117, -7.12845798],
       [ 0.        ,  0.        ,  0.        ,  1.        ]]), array([447.67908, 448.76843, 252.56006, 233.65863], dtype=float32)), 105: (array([[ 0.99682464,  0.06569079,  0.04500394, -0.61733885],
       [-0.0608038 ,  0.99287498, -0.10248007, -0.73137042],
       [-0.05141528,  0.09941825,  0.9937165 , -6.62848018],
       [ 0.        ,  0.        ,  0.        ,  1.        ]]), array([447.67908, 448.76843, 252.56006, 233.65863], dtype=float32)), 106: (array([[ 0.99682464,  0.06569079,  0.04500394, -0.61733885],
       [-0.0608038 ,  0.99287498, -0.10248007, -0.73137042],
       [-0.05141528,  0.09941825,  0.9937165 , -6.62848018],
       [ 0.        ,  0.        ,  0.        ,  1.        ]]), array([447.67908, 448.76843, 252.56006, 233.65863], dtype=float32)), 107: (array([[ 0.99682464,  0.06569079,  0.04500394, -0.61733885],
       [-0.0608038 ,  0.99287498, -0.10248007, -0.73137042],
       [-0.05141528,  0.09941825,  0.9937165 , -6.62848018],
       [ 0.        ,  0.        ,  0.        ,  1.        ]]), array([447.67908, 448.76843, 252.56006, 233.65863], dtype=float32)), 108: (array([[ 0.99525732,  0.08223684,  0.05196126, -0.7422241 ],
       [-0.07557962,  0.98999207, -0.1191781 , -0.54122149],
       [-0.06124206,  0.11468566,  0.99151228, -7.12903969],
       [ 0.        ,  0.        ,  0.        ,  1.        ]]), array([447.67908, 448.76843, 252.56006, 233.65863], dtype=float32)), 109: (array([[ 0.99551176,  0.0804283 ,  0.04987616, -0.71909818],
       [-0.07451698,  0.99104657, -0.11078773, -0.67799786],
       [-0.05834007,  0.10657387,  0.99259178, -7.14971768],
       [ 0.        ,  0.        ,  0.        ,  1.        ]]), array([447.67908, 448.76843, 252.56006, 233.65863], dtype=float32)), 110: (array([[ 0.99551176,  0.0804283 ,  0.04987616, -0.71909818],
       [-0.07451698,  0.99104657, -0.11078773, -0.67799786],
       [-0.05834007,  0.10657387,  0.99259178, -7.14971768],
       [ 0.        ,  0.        ,  0.        ,  1.        ]]), array([447.67908, 448.76843, 252.56006, 233.65863], dtype=float32)), 111: (array([[ 0.99551176,  0.0804283 ,  0.04987616, -0.71909818],
       [-0.07451698,  0.99104657, -0.11078773, -0.67799786],
       [-0.05834007,  0.10657387,  0.99259178, -7.14971768],
       [ 0.        ,  0.        ,  0.        ,  1.        ]]), array([447.67908, 448.76843, 252.56006, 233.65863], dtype=float32)), 112: (array([[ 0.99516111,  0.08241142,  0.05350449, -0.76551553],
       [-0.07566814,  0.99015987, -0.11771902, -0.573567  ],
       [-0.06267939,  0.1131008 ,  0.99160451, -7.14615868],
       [ 0.        ,  0.        ,  0.        ,  1.        ]]), array([447.67908, 448.76843, 252.56006, 233.65863], dtype=float32)), 113: (array([[ 0.99551176,  0.0804283 ,  0.04987616, -0.71909818],
       [-0.07451698,  0.99104657, -0.11078773, -0.67799786],
       [-0.05834007,  0.10657387,  0.99259178, -7.14971768],
       [ 0.        ,  0.        ,  0.        ,  1.        ]]), array([447.67908, 448.76843, 252.56006, 233.65863], dtype=float32)), 114: (array([[ 0.99551176,  0.0804283 ,  0.04987616, -0.71909818],
       [-0.07451698,  0.99104657, -0.11078773, -0.67799786],
       [-0.05834007,  0.10657387,  0.99259178, -7.14971768],
       [ 0.        ,  0.        ,  0.        ,  1.        ]]), array([447.67908, 448.76843, 252.56006, 233.65863], dtype=float32)), 115: (array([[ 0.99551176,  0.0804283 ,  0.04987616, -0.71909818],
       [-0.07451698,  0.99104657, -0.11078773, -0.67799786],
       [-0.05834007,  0.10657387,  0.99259178, -7.14971768],
       [ 0.        ,  0.        ,  0.        ,  1.        ]]), array([447.67908, 448.76843, 252.56006, 233.65863], dtype=float32)), 116: (array([[ 0.99485356,  0.08581132,  0.05387768, -0.76227748],
       [-0.07892367,  0.98974683, -0.11904729, -0.58592159],
       [-0.06354087,  0.1141824 ,  0.99142571, -7.18930607],
       [ 0.        ,  0.        ,  0.        ,  1.        ]]), array([447.67908, 448.76843, 252.56006, 233.65863], dtype=float32)), 117: (array([[ 0.99551176,  0.0804283 ,  0.04987616, -0.71909818],
       [-0.07451698,  0.99104657, -0.11078773, -0.67799786],
       [-0.05834007,  0.10657387,  0.99259178, -7.14971768],
       [ 0.        ,  0.        ,  0.        ,  1.        ]]), array([447.67908, 448.76843, 252.56006, 233.65863], dtype=float32)), 118: (array([[ 0.99551176,  0.0804283 ,  0.04987616, -0.71909818],
       [-0.07451698,  0.99104657, -0.11078773, -0.67799786],
       [-0.05834007,  0.10657387,  0.99259178, -7.14971768],
       [ 0.        ,  0.        ,  0.        ,  1.        ]]), array([447.67908, 448.76843, 252.56006, 233.65863], dtype=float32)), 119: (array([[ 0.99551176,  0.0804283 ,  0.04987616, -0.71909818],
       [-0.07451698,  0.99104657, -0.11078773, -0.67799786],
       [-0.05834007,  0.10657387,  0.99259178, -7.14971768],
       [ 0.        ,  0.        ,  0.        ,  1.        ]]), array([447.67908, 448.76843, 252.56006, 233.65863], dtype=float32)), 120: (array([[ 0.99415195,  0.09050101,  0.05891916, -0.8243364 ],
       [-0.08281624,  0.98908364, -0.12188121, -0.56551239],
       [-0.06930635,  0.11628898,  0.99079438, -7.41725153],
       [ 0.        ,  0.        ,  0.        ,  1.        ]]), array([447.67908, 448.76843, 252.56006, 233.65863], dtype=float32)), 121: (array([[ 0.99439291,  0.08925507,  0.0567122 , -0.79580237],
       [-0.08224833,  0.98986885, -0.11573617, -0.6639802 ],
       [-0.06646768,  0.11042275,  0.99165965, -7.4122342 ],
       [ 0.        ,  0.        ,  0.        ,  1.        ]]), array([447.67908, 448.76843, 252.56006, 233.65863], dtype=float32)), 122: (array([[ 0.99439291,  0.08925507,  0.0567122 , -0.79580237],
       [-0.08224833,  0.98986885, -0.11573617, -0.6639802 ],
       [-0.06646768,  0.11042275,  0.99165965, -7.4122342 ],
       [ 0.        ,  0.        ,  0.        ,  1.        ]]), array([447.67908, 448.76843, 252.56006, 233.65863], dtype=float32)), 123: (array([[ 0.99439291,  0.08925507,  0.0567122 , -0.79580237],
       [-0.08224833,  0.98986885, -0.11573617, -0.6639802 ],
       [-0.06646768,  0.11042275,  0.99165965, -7.4122342 ],
       [ 0.        ,  0.        ,  0.        ,  1.        ]]), array([447.67908, 448.76843, 252.56006, 233.65863], dtype=float32)), 124: (array([[ 0.99397366,  0.09274331,  0.05843837, -0.84210686],
       [-0.08479763,  0.98836747, -0.1262502 , -0.61361537],
       [-0.06946745,  0.12053394,  0.99027564, -7.94434783],
       [ 0.        ,  0.        ,  0.        ,  1.        ]]), array([447.67908, 448.76843, 252.56006, 233.65863], dtype=float32)), 125: (array([[ 0.99439291,  0.08925507,  0.0567122 , -0.79580237],
       [-0.08224833,  0.98986885, -0.11573617, -0.6639802 ],
       [-0.06646768,  0.11042275,  0.99165965, -7.4122342 ],
       [ 0.        ,  0.        ,  0.        ,  1.        ]]), array([447.67908, 448.76843, 252.56006, 233.65863], dtype=float32)), 126: (array([[ 0.99439291,  0.08925507,  0.0567122 , -0.79580237],
       [-0.08224833,  0.98986885, -0.11573617, -0.6639802 ],
       [-0.06646768,  0.11042275,  0.99165965, -7.4122342 ],
       [ 0.        ,  0.        ,  0.        ,  1.        ]]), array([447.67908, 448.76843, 252.56006, 233.65863], dtype=float32)), 127: (array([[ 0.99439291,  0.08925507,  0.0567122 , -0.79580237],
       [-0.08224833,  0.98986885, -0.11573617, -0.6639802 ],
       [-0.06646768,  0.11042275,  0.99165965, -7.4122342 ],
       [ 0.        ,  0.        ,  0.        ,  1.        ]]), array([447.67908, 448.76843, 252.56006, 233.65863], dtype=float32)), 128: (array([[ 0.99359121,  0.09641802,  0.05899221, -0.85479979],
       [-0.0882996 ,  0.98790718, -0.12744641, -0.61665635],
       [-0.07056696,  0.12142065,  0.99008956, -8.0419772 ],
       [ 0.        ,  0.        ,  0.        ,  1.        ]]), array([447.67908, 448.76843, 252.56006, 233.65863], dtype=float32)), 129: (array([[ 0.99439291,  0.08925507,  0.0567122 , -0.79580237],
       [-0.08224833,  0.98986885, -0.11573617, -0.6639802 ],
