{
    "camera_angle_x": 0.9842150432542819,
    "frames": [
        {
            "file_path": "/home/data1/difanrui/Project/vis_check_traj/blender_type/images/00000000",
            "transform_matrix": [
                [
                    0.714191730994082,
                    0.18881779381809766,
                    0.6740014926669995,
                    -12.695999999999998
                ],
                [
                    0.6162387208297833,
                    -0.6262625710638077,
                    -0.47754060668661646,
                    7.138000000000005
                ],
                [
                    0.33193374388535646,
                    0.756401370187955,
                    -0.5636283854172313,
                    5.965000000000003
                ],
                [
                    0.0,
                    0.0,
                    0.0,
                    1.0
                ]
            ]
        },
        {
            "file_path": "/home/data1/difanrui/Project/vis_check_traj/blender_type/images/00000001",
            "transform_matrix": [
                [
                    0.7100716464550597,
                    0.17145480313458336,
                    0.6829359467641762,
                    -12.703999999999994
                ],
                [
                    0.6074318628963161,
                    -0.6397002256060563,
                    -0.4709672528933106,
                    7.341999999999999
                ],
                [
                    0.35612468159187105,
                    0.7492575470701925,
                    -0.5583801029043267,
                    6.066999999999979
                ],
                [
                    0.0,
                    0.0,
                    0.0,
                    1.0
                ]
            ]
        },
        {
            "file_path": "/home/data1/difanrui/Project/vis_check_traj/blender_type/images/00000002",
            "transform_matrix": [
                [
                    0.708511189537953,
                    0.1760320555044491,
                    0.6833919883451908,
                    -12.801000000000002
                ],
                [
                    0.6127774013722326,
                    -0.6337772066024581,
                    -0.4720490533394586,
                    7.438999999999993
                ],
                [
                    0.3500225002296403,
                    0.7532192030385736,
                    -0.5569067080821775,
                    6.2239999999999895
                ],
                [
                    0.0,
                    0.0,
                    0.0,
                    1.0
                ]
            ]
        },
        {
            "file_path": "/home/data1/difanrui/Project/vis_check_traj/blender_type/images/00000003",
            "transform_matrix": [
                [
                    0.7069451845870465,
                    0.19737200159885973,
                    0.6791706699895442,
                    -13.024000000000001
                ],
                [
                    0.6309271616013168,
                    -0.609947602406256,
                    -0.47947350195038496,
                    7.447999999999993
                ],
                [
                    0.31962387699121086,
                    0.7674687064002802,
                    -0.5557268771198562,
                    6.262999999999977
                ],
                [
                    0.0,
                    0.0,
                    0.0,
                    1.0
                ]
            ]
        },
        {
            "file_path": "/home/data1/difanrui/Project/vis_check_traj/blender_type/images/00000004",
            "transform_matrix": [
                [
                    0.7055869020690235,
                    0.2007364199683822,
                    0.679596949174226,
                    -13.195000000000007
                ],
                [
                    0.6352186693042274,
                    -0.6042377231634367,
                    -0.4810343190185421,
                    7.484999999999999
                ],
                [
                    0.31407700615614137,
                    0.77110418466284,
                    -0.5538537447733398,
                    6.290999999999997
                ],
                [
                    0.0,
                    0.0,
                    0.0,
                    1.0
                ]
            ]
        },
        {
            "file_path": "/home/data1/difanrui/Project/vis_check_traj/blender_type/images/00000005",
            "transform_matrix": [
                [
                    0.7058333972215141,
                    0.1815612642544224,
                    0.6847150667898817,
                    -12.962000000000003
                ],
                [
                    0.6204084505227847,
                    -0.6249663485591522,
                    -0.4738253029214011,
                    7.5120000000000005
                ],
                [
                    0.34189555406096417,
                    0.7592447368872411,
                    -0.5537642635836755,
                    6.256999999999977
                ],
                [
                    0.0,
                    0.0,
                    0.0,
                    1.0
                ]
            ]
        },
        {
            "file_path": "/home/data1/difanrui/Project/vis_check_traj/blender_type/images/00000006",
            "transform_matrix": [
                [
                    0.7044409398435808,
                    0.1844840495334048,
                    0.6853674910148924,
                    -13.111000000000004
                ],
                [
                    0.6244163168954919,
                    -0.62017236918494,
                    -0.4748583954129977,
                    7.575000000000003
                ],
                [
                    0.33744218092431927,
                    0.7624643388167702,
                    -0.5520696573492735,
                    6.313999999999993
                ],
                [
                    0.0,
                    0.0,
                    0.0,
                    1.0
                ]
            ]
        },
        {
            "file_path": "/home/data1/difanrui/Project/vis_check_traj/blender_type/images/00000007",
            "transform_matrix": [
                [
                    0.7032272679610794,
                    0.1853406560957787,
                    0.6863820006337451,
                    -13.215000000000003
                ],
                [
                    0.6266106930821003,
                    -0.6176960592575946,
                    -0.475195346876217,
                    7.623999999999995
                ],
                [
                    0.33590243957310895,
                    0.7642646266677692,
                    -0.5505171491545103,
                    6.36699999999999
                ],
                [
                    0.0,
                    0.0,
                    0.0,
                    1.0
                ]
            ]
        },
        {
            "file_path": "/home/data1/difanrui/Project/vis_check_traj/blender_type/images/00000008",
            "transform_matrix": [
                [
                    0.7025628605241281,
                    0.18488426127808902,
                    0.6871850092542836,
                    -13.269000000000005
                ],
                [
                    0.6270802190670085,
                    -0.6173578195225606,
                    -0.47501549609378224,
                    7.649000000000001
                ],
                [
                    0.3364161498308712,
                    0.7646483718716759,
                    -0.5496699387150147,
                    6.420999999999992
                ],
                [
                    0.0,
                    0.0,
                    0.0,
                    1.0
                ]
            ]
        },
        {
            "file_path": "/home/data1/difanrui/Project/vis_check_traj/blender_type/images/00000009",
            "transform_matrix": [
                [
                    0.7017573695629122,
                    0.18399559988143266,
                    0.688245750795756,
                    -13.322000000000003
                ],
                [
                    0.6274192456343923,
                    -0.6172371347358042,
                    -0.474724561941664,
                    7.664999999999992
                ],
                [
                    0.33746360466235803,
                    0.7649600896304372,
                    -0.5485930885464028,
                    6.441999999999979
                ],
                [
                    0.0,
                    0.0,
                    0.0,
                    1.0
                ]
            ]
        },
        {
            "file_path": "/home/data1/difanrui/Project/vis_check_traj/blender_type/images/00000010",
            "transform_matrix": [
                [
                    0.7014346267984966,
                    0.18552277527362282,
                    0.6881647798186324,
                    -13.346000000000004
                ],
                [
                    0.628920841588897,
                    -0.6153807997455101,
                    -0.47514739431011294,
                    7.685000000000002
                ],
                [
                    0.33533272930504043,
                    0.7660860076775644,
                    -0.5483285415674468,
                    6.472999999999985
                ],
                [
                    0.0,
                    0.0,
                    0.0,
                    1.0
                ]
            ]
        },
        {
            "file_path": "/home/data1/difanrui/Project/vis_check_traj/blender_type/images/00000011",
            "transform_matrix": [
                [
                    0.7010092361941586,
                    0.18682622476845412,
                    0.6882456047874548,
                    -13.361000000000004
                ],
                [
                    0.6303585679772872,
                    -0.6136587437491818,
                    -0.4754692650401283,
                    7.700000000000003
                ],
                [
                    0.3335178054438867,
                    0.7671498601700603,
                    -0.5479479587451264,
                    6.501999999999981
                ],
                [
                    0.0,
                    0.0,
                    0.0,
                    1.0
                ]
            ]
        },
        {
            "file_path": "/home/data1/difanrui/Project/vis_check_traj/blender_type/images/00000012",
            "transform_matrix": [
                [
                    0.7003892606116443,
                    0.18714225514673832,
                    0.6887907229038929,
                    -13.355999999999995
                ],
                [
                    0.631233791334543,
                    -0.6128475318375388,
                    -0.475354397684565,
                    7.730000000000004
                ],
                [
                    0.33316480050763586,
                    0.767721094577471,
                    -0.547362344926537,
                    6.5049999999999955
                ],
                [
                    0.0,
                    0.0,
                    0.0,
                    1.0
                ]
            ]
        },
        {
            "file_path": "/home/data1/difanrui/Project/vis_check_traj/blender_type/images/00000013",
            "transform_matrix": [
                [
                    0.6997507611835465,
                    0.18504097253048243,
                    0.6900063120783901,
                    -13.385000000000005
                ],
                [
                    0.6303025929849945,
                    -0.614543059654632,
                    -0.47440011499441676,
                    7.75
                ],
                [
                    0.3362551315585232,
                    0.7668746092519276,
                    -0.5466587785678225,
                    6.515999999999991
                ],
                [
                    0.0,
                    0.0,
                    0.0,
                    1.0
                ]
            ]
        },
        {
            "file_path": "/home/data1/difanrui/Project/vis_check_traj/blender_type/images/00000014",
            "transform_matrix": [
                [
                    0.6986788211862878,
                    0.18544186017856837,
                    0.6909842410064441,
                    -13.439000000000007
                ],
                [
                    0.631800425105797,
                    -0.6130791745193335,
                    -0.47430174847540546,
                    7.778999999999996
                ],
                [
                    0.3356726495588723,
                    0.7679487237206692,
                    -0.5455076810402596,
                    6.532999999999987
                ],
                [
                    0.0,
                    0.0,
                    0.0,
                    1.0
                ]
            ]
        },
        {
            "file_path": "/home/data1/difanrui/Project/vis_check_traj/blender_type/images/00000015",
            "transform_matrix": [
                [
                    0.6981978296002472,
                    0.19213763074120763,
                    0.6896397041895568,
                    -13.649000000000001
                ],
                [
                    0.6375717644813957,
                    -0.605018702248896,
                    -0.476922021996407,
                    7.734999999999999
                ],
                [
                    0.32561025149338246,
                    0.7726807237030162,
                    -0.544924273032684,
                    6.6129999999999995
                ],
                [
                    0.0,
                    0.0,
                    0.0,
                    1.0
                ]
            ]
        },
        {
            "file_path": "/home/data1/difanrui/Project/vis_check_traj/blender_type/images/00000016",
            "transform_matrix": [
                [
                    0.6963717928539991,
                    0.18644712330922514,
                    0.693039534461795,
                    -13.588999999999999
                ],
                [
                    0.6351223975269136,
                    -0.6097699731550315,
                    -0.4741309101906109,
                    7.837000000000003
                ],
                [
                    0.3341943540471202,
                    0.7703363226852455,
                    -0.5430433534026554,
                    6.634999999999991
                ],
                [
                    0.0,
                    0.0,
                    0.0,
                    1.0
                ]
            ]
        },
        {
            "file_path": "/home/data1/difanrui/Project/vis_check_traj/blender_type/images/00000017",
            "transform_matrix": [
                [
                    0.6908272372392661,
                    0.20232166320099498,
                    0.6941351978454529,
                    -13.989999999999995
                ],
                [
                    0.6527509156699967,
                    -0.5873812829588729,
                    -0.4784343952116834,
                    7.938999999999993
                ],
                [
                    0.31092438048558324,
                    0.78361289743672,
                    -0.5378446398268599,
                    6.818999999999988
                ],
                [
                    0.0,
                    0.0,
                    0.0,
                    1.0
                ]
            ]
        },
        {
            "file_path": "/home/data1/difanrui/Project/vis_check_traj/blender_type/images/00000018",
            "transform_matrix": [
                [
                    0.686993722363598,
                    0.18123151168298807,
                    0.703700763539522,
                    -14.021
                ],
                [
                    0.6413663152103153,
                    -0.6064614961880563,
                    -0.4699507456690398,
                    8.143
                ],
                [
                    0.3415975338707086,
                    0.7741831778167511,
                    -0.5328710275845432,
                    6.930999999999983
                ],
                [
                    0.0,
                    0.0,
                    0.0,
                    1.0
                ]
            ]
        },
        {
            "file_path": "/home/data1/difanrui/Project/vis_check_traj/blender_type/images/00000019",
            "transform_matrix": [
                [
                    0.6836206551995181,
                    0.182747936640671,
                    0.7065875681316216,
                    -14.227000000000004
                ],
                [
                    0.6466416511213064,
                    -0.600562464996072,
                    -0.47029703451430827,
                    8.227999999999994
                ],
                [
                    0.3384041589869904,
                    0.7784137185914821,
                    -0.5287293332971877,
                    7.0
                ],
                [
                    0.0,
                    0.0,
                    0.0,
                    1.0
                ]
            ]
        },
        {
            "file_path": "/home/data1/difanrui/Project/vis_check_traj/blender_type/images/00000020",
            "transform_matrix": [
                [
                    0.6806460632430757,
                    0.1996181295102029,
                    0.7048925726396547,
                    -14.414000000000001
                ],
                [
                    0.6625259082533865,
                    -0.5783932816224835,
                    -0.475941837483321,
                    8.254000000000005
                ],
                [
                    0.31269850892629525,
                    0.7909575299248516,
                    -0.5259332927001763,
                    7.203999999999979
                ],
                [
                    0.0,
                    0.0,
                    0.0,
                    1.0
                ]
            ]
        },
        {
            "file_path": "/home/data1/difanrui/Project/vis_check_traj/blender_type/images/00000021",
            "transform_matrix": [
                [
                    0.6784660872931965,
                    0.19488145304776727,
                    0.7083113634914038,
                    -14.534999999999997
                ],
                [
                    0.6617086650140716,
                    -0.5809221317440658,
                    -0.47399485176025435,
                    8.295000000000002
                ],
                [
                    0.3191009417697728,
                    0.790285199221092,
                    -0.5230907118786596,
                    7.2409999999999854
                ],
                [
                    0.0,
                    0.0,
                    0.0,
                    1.0
                ]
            ]
        },
        {
            "file_path": "/home/data1/difanrui/Project/vis_check_traj/blender_type/images/00000022",
            "transform_matrix": [
                [
                    0.6754635460063649,
                    0.189428831473663,
                    0.7126469784002665,
                    -14.653000000000006
                ],
                [
                    0.6611308135614852,
                    -0.5835965470221333,
                    -0.47150940357894433,
                    8.447000000000003
                ],
                [
                    0.3265808404913491,
                    0.7896402903286822,
                    -0.5194354305528247,
                    7.252999999999986
                ],
                [
                    0.0,
                    0.0,
                    0.0,
                    1.0
                ]
            ]
        },
        {
            "file_path": "/home/data1/difanrui/Project/vis_check_traj/blender_type/images/00000023",
            "transform_matrix": [
                [
                    0.6738180628716006,
                    0.19205369333472433,
                    0.7135016447244219,
                    -14.727999999999994
                ],
                [
                    0.6648872528634958,
                    -0.5788289893432965,
                    -0.47210374079798567,
                    8.480000000000004
                ],
                [
                    0.3223261688532243,
                    0.7925101765733419,
                    -0.5177194808968396,
                    7.349999999999994
                ],
                [
                    0.0,
                    0.0,
                    0.0,
                    1.0
                ]
            ]
        },
        {
            "file_path": "/home/data1/difanrui/Project/vis_check_traj/blender_type/images/00000024",
            "transform_matrix": [
                [
                    0.6725133351577885,
                    0.1995268554802638,
                    0.7126814491602161,
                    -14.875
                ],
                [
                    0.6717256382947192,
                    -0.5687841070340658,
                    -0.47462543804879687,
                    8.474999999999994
                ],
                [
                    0.3106613604755183,
                    0.7979183376308745,
                    -0.5165422011606426,
                    7.328000000000003
                ],
                [
                    0.0,
                    0.0,
                    0.0,
                    1.0
                ]
            ]
        },
        {
            "file_path": "/home/data1/difanrui/Project/vis_check_traj/blender_type/images/00000025",
            "transform_matrix": [
                [
                    0.672977342021911,
                    0.19355282727745432,
                    0.7138899076034259,
                    -14.739000000000004
                ],
                [
                    0.6668696326535213,
                    -0.5762985593970759,
                    -0.47240328479109106,
                    8.501999999999995
                ],
                [
                    0.31997873393349374,
                    0.7939882073996811,
                    -0.5169103755396669,
                    7.324999999999989
                ],
                [
                    0.0,
                    0.0,
                    0.0,
                    1.0
                ]
            ]
        },
        {
            "file_path": "/home/data1/difanrui/Project/vis_check_traj/blender_type/images/00000026",
            "transform_matrix": [
                [
                    0.6721958444118926,
                    0.19203863191092183,
                    0.7150342024051466,
                    -14.805999999999997
                ],
                [
                    0.6666843167648879,
                    -0.577033549469327,
                    -0.47176721438286096,
                    8.512
                ],
                [
                    0.32200119337529975,
                    0.7938220497319354,
                    -0.5159086981475225,
                    7.328000000000003
                ],
                [
                    0.0,
                    0.0,
                    0.0,
                    1.0
                ]
            ]
        },
        {
            "file_path": "/home/data1/difanrui/Project/vis_check_traj/blender_type/images/00000027",
            "transform_matrix": [
                [
                    0.6717884702597509,
                    0.19352873709138385,
                    0.7150152999383145,
                    -14.86
                ],
                [
                    0.6682404234876104,
                    -0.5748296784666662,
                    -0.472255838683873,
                    8.504000000000005
                ],
                [
                    0.319616938917766,
                    0.7950581542715748,
                    -0.5154876755879949,
                    7.326999999999998
                ],
                [
                    0.0,
                    0.0,
                    0.0,
                    1.0
                ]
            ]
        },
        {
            "file_path": "/home/data1/difanrui/Project/vis_check_traj/blender_type/images/00000028",
            "transform_matrix": [
                [
                    0.6718841823082065,
                    0.19527422370640835,
                    0.7144505743016043,
                    -14.879999999999995
                ],
                [
                    0.6694111721882193,
                    -0.5728994208078264,
                    -0.47294284663968766,
                    8.5
                ],
                [
                    0.31695477297814406,
                    0.7960240142068056,
                    -0.5156408058837629,
                    7.316999999999979
                ],
                [
                    0.0,
                    0.0,
                    0.0,
                    1.0
                ]
            ]
        },
        {
            "file_path": "/home/data1/difanrui/Project/vis_check_traj/blender_type/images/00000029",
            "transform_matrix": [
                [
                    0.6719478036704901,
                    0.19525611590080857,
                    0.714395687518993,
                    -14.878
                ],
                [
                    0.6693263193765714,
                    -0.5729947514149246,
                    -0.4729474527267916,
                    8.491
                ],
                [
                    0.31699909673722493,
                    0.7959598382169033,
                    -0.5157126221196304,
                    7.302999999999997
                ],
                [
                    0.0,
                    0.0,
                    0.0,
                    1.0
                ]
            ]
        },
        {
            "file_path": "/home/data1/difanrui/Project/vis_check_traj/blender_type/images/00000030",
            "transform_matrix": [
                [
                    0.6721792949714657,
                    0.19594952369695112,
                    0.7139879407767342,
                    -14.873999999999995
                ],
                [
                    0.6695502679155603,
                    -0.5725051711700833,
                    -0.47322327469991904,
                    8.486999999999995
                ],
                [
                    0.3160339129679988,
                    0.7961417041874215,
                    -0.5160241784138448,
                    7.295999999999992
                ],
                [
                    0.0,
                    0.0,
                    0.0,
                    1.0
                ]
            ]
        },
        {
            "file_path": "/home/data1/difanrui/Project/vis_check_traj/blender_type/images/00000031",
            "transform_matrix": [
                [
                    0.6723235578167094,
                    0.19751531194119895,
                    0.7134204476698525,
                    -14.869
                ],
                [
                    0.6704612649356809,
                    -0.57099774178504,
                    -0.4737544417704507,
                    8.486999999999995
                ],
                [
                    0.313787708212939,
                    0.7968370475982876,
                    -0.5163215991504867,
                    7.282999999999987
                ],
                [
                    0.0,
                    0.0,
                    0.0,
                    1.0
                ]
            ]
        },
        {
            "file_path": "/home/data1/difanrui/Project/vis_check_traj/blender_type/images/00000032",
            "transform_matrix": [
                [
                    0.6725832958207771,
                    0.19802425918588729,
                    0.7130344332195616,
                    -14.872
                ],
                [
                    0.670503135416009,
                    -0.5707907679671962,
                    -0.4739445585727504,
                    8.485
                ],
                [
                    0.3131409516178968,
                    0.7968590163744769,
                    -0.5166802226160192,
                    7.270999999999987
                ],
                [
                    0.0,
                    0.0,
                    0.0,
                    1.0
                ]
            ]
        },
        {
            "file_path": "/home/data1/difanrui/Project/vis_check_traj/blender_type/images/00000033",
            "transform_matrix": [
                [
                    0.672632409972309,
                    0.19704988824587719,
                    0.7132580056312939,
                    -14.866
                ],
                [
                    0.6697520367374054,
                    -0.571966721841589,
                    -0.4735887228301405,
                    8.486000000000004
                ],
                [
                    0.31463923840001395,
                    0.7962571259637641,
                    -0.5166979185278237,
                    7.272999999999996
                ],
                [
                    0.0,
                    0.0,
                    0.0,
                    1.0
                ]
            ]
        },
        {
            "file_path": "/home/data1/difanrui/Project/vis_check_traj/blender_type/images/00000034",
            "transform_matrix": [
                [
                    0.6725967278056958,
                    0.19461023145361608,
                    0.7139611330868373,
                    -14.872
                ],
                [
                    0.6680425219124504,
                    -0.5747059959073788,
                    -0.47268616140623476,
                    8.489000000000004
                ],
                [
                    0.3183281807536428,
                    0.79488356133567,
                    -0.516553282107856,
                    7.262999999999977
                ],
                [
                    0.0,
                    0.0,
                    0.0,
                    1.0
                ]
            ]
        },
        {
            "file_path": "/home/data1/difanrui/Project/vis_check_traj/blender_type/images/00000035",
            "transform_matrix": [
                [
                    0.6726440863927461,
                    0.1937442605405298,
                    0.714152010813154,
                    -14.879999999999995
                ],
                [
                    0.667364025429221,
                    -0.5757450260106206,
                    -0.4723800615891149,
                    8.5
                ],
                [
                    0.3196485423144835,
                    0.7943430156623983,
                    -0.5165694366342175,
                    7.274999999999977
                ],
                [
                    0.0,
                    0.0,
                    0.0,
                    1.0
                ]
            ]
        },
        {
            "file_path": "/home/data1/difanrui/Project/vis_check_traj/blender_type/images/00000036",
            "transform_matrix": [
                [
                    0.6727458662048974,
                    0.1945532967070319,
                    0.7138361256231348,
                    -14.89
                ],
                [
                    0.6678358397741164,
                    -0.5749377381074541,
                    -0.47269640194641327,
                    8.494
                ],
                [
                    0.3184466841049266,
                    0.7947298987960061,
                    -0.5167166509241472,
                    7.266999999999996
                ],
                [
                    0.0,
                    0.0,
                    0.0,
                    1.0
                ]
            ]
        },
        {
            "file_path": "/home/data1/difanrui/Project/vis_check_traj/blender_type/images/00000037",
            "transform_matrix": [
                [
                    0.6728340461988466,
                    0.1952060432936934,
                    0.7135747661859331,
                    -14.879999999999995
                ],
                [
                    0.6682418446062204,
                    -0.5742089956201837,
                    -0.4730083154302215,
                    8.486999999999995
                ],
                [
                    0.3174069680913833,
                    0.7950966167771566,
                    -0.5167922083357633,
                    7.280000000000001
                ],
                [
                    0.0,
                    0.0,
                    0.0,
                    1.0
                ]
            ]
        },
        {
            "file_path": "/home/data1/difanrui/Project/vis_check_traj/blender_type/images/00000038",
            "transform_matrix": [
                [
                    0.6728731267698386,
                    0.19494606099940606,
                    0.7136089885727314,
                    -14.879999999999995
                ],
                [
                    0.6680579219696949,
                    -0.574432284776315,
                    -0.4729970011534911,
                    8.471999999999994
                ],
                [
                    0.31771113950334484,
                    0.7949991091237011,
                    -0.5167553079824221,
                    7.269999999999982
                ],
                [
                    0.0,
                    0.0,
                    0.0,
                    1.0
                ]
            ]
        },
        {
            "file_path": "/home/data1/difanrui/Project/vis_check_traj/blender_type/images/00000039",
            "transform_matrix": [
                [
                    0.6730373623403342,
                    0.19451023888222602,
                    0.7135730347090934,
                    -14.891000000000005
                ],
                [
                    0.6675739169572481,
                    -0.5750809749755675,
                    -0.472892099341391,
                    8.460999999999999
                ],
                [
                    0.3183799213083686,
                    0.794636797028133,
                    -0.5169009445885613,
                    7.264999999999986
                ],
                [
                    0.0,
                    0.0,
                    0.0,
                    1.0
                ]
            ]
        },
        {
            "file_path": "/home/data1/difanrui/Project/vis_check_traj/blender_type/images/00000040",
            "transform_matrix": [
                [
                    0.6731986005306484,
                    0.1945473838249459,
                    0.7134107930851941,
                    -14.873999999999995
                ],
                [
                    0.6674023937419424,
                    -0.5752669462460124,
                    -0.47290800943134037,
                    8.453000000000003
                ],
                [
                    0.3183986323323353,
                    0.7944930811553091,
                    -0.5171102928053566,
                    7.268000000000001
                ],
                [
                    0.0,
                    0.0,
                    0.0,
                    1.0
                ]
            ]
        },
        {
            "file_path": "/home/data1/difanrui/Project/vis_check_traj/blender_type/images/00000041",
            "transform_matrix": [
                [
                    0.6735037751988491,
                    0.19459446946042222,
                    0.7131098493558444,
                    -14.867000000000004
                ],
                [
                    0.667009826728553,
                    -0.5757726256190105,
                    -0.47284645989510843,
                    8.454999999999998
                ],
                [
                    0.3185758243188642,
                    0.794115152886033,
                    -0.517581460367688,
                    7.251999999999981
                ],
                [
                    0.0,
                    0.0,
                    0.0,
                    1.0
                ]
            ]
        },
        {
            "file_path": "/home/data1/difanrui/Project/vis_check_traj/blender_type/images/00000042",
            "transform_matrix": [
                [
                    0.673495196429622,
                    0.19134514484099105,
                    0.713996677815804,
                    -14.867000000000004
                ],
                [
                    0.6645837711606841,
                    -0.5796286629275023,
                    -0.47154959889996645,
                    8.453000000000003
                ],
                [
                    0.3236242133958278,
                    0.7920969944764693,
                    -0.5175419981463105,
                    7.242999999999995
                ],
                [
                    0.0,
                    0.0,
                    0.0,
                    1.0
                ]
            ]
        },
        {
            "file_path": "/home/data1/difanrui/Project/vis_check_traj/blender_type/images/00000043",
            "transform_matrix": [
                [
                    0.673607560000834,
                    0.19100642479490845,
                    0.7139813728640192,
                    -14.863
                ],
                [
                    0.6640200354321218,
                    -0.5806011044653913,
                    -0.4711472700104408,
                    8.447000000000003
                ],
                [
                    0.3245462180559901,
                    0.7914662994598283,
                    -0.5179293862727996,
                    7.221000000000004
                ],
                [
                    0.0,
                    0.0,
                    0.0,
                    1.0
                ]
            ]
        },
        {
            "file_path": "/home/data1/difanrui/Project/vis_check_traj/blender_type/images/00000044",
            "transform_matrix": [
                [
                    0.673863218264713,
                    0.19282121238324396,
                    0.713251949261255,
                    -14.861000000000004
                ],
                [
                    0.6649420744232046,
                    -0.5791284397305736,
                    -0.47165908022320197,
                    8.438000000000002
                ],
                [
                    0.32211861283025733,
                    0.7921049364511545,
                    -0.5184682911403776,
                    7.212999999999994
                ],
                [
                    0.0,
