{
    "frames": [
        {
            "frame_id": 1,
            "input_pose": {
                "rotation_matrix": [
                    [
                        0.714191730994082,
                        -0.18881779381809766,
                        -0.6740014926669995
                    ],
                    [
                        0.6162387208297833,
                        0.6262625710638077,
                        0.47754060668661646
                    ],
                    [
                        0.33193374388535646,
                        -0.756401370187955,
                        0.5636283854172313
                    ]
                ],
                "translation_vector": [
                    -12.695999999999998,
                    7.138000000000005,
                    5.965000000000003
                ],
                "quaternion": [
                    -0.36204308255822365,
                    -0.2951450722324932,
                    0.23620652158616498,
                    0.8520684666555736
                ]
            },
            "calculated_pose": {
                "rotation_matrix": [
                    [
                        0.7155309391599053,
                        -0.19136543368605854,
                        -0.6718591711773316
                    ],
                    [
                        0.6142219146360971,
                        0.6304919582892525,
                        0.47456435824169374
                    ],
                    [
                        0.33278659030332225,
                        -0.7522361074308588,
                        0.5686773461212943
                    ]
                ],
                "translation_vector": [
                    -12.450942309120109,
                    6.797870753162275,
                    5.057112989636812
                ],
                "quaternion": [
                    -0.35929153717745643,
                    -0.2942293633409372,
                    0.2359313717334645,
                    0.8536246604290513
                ]
            }
        },
        {
            "frame_id": 2,
            "input_pose": {
                "rotation_matrix": [
                    [
                        0.7100716464550597,
                        -0.17145480313458336,
                        -0.6829359467641762
                    ],
                    [
                        0.6074318628963161,
                        0.6397002256060563,
                        0.4709672528933106
                    ],
                    [
                        0.35612468159187105,
                        -0.7492575470701925,
                        0.5583801029043267
                    ]
                ],
                "translation_vector": [
                    -12.703999999999994,
                    7.341999999999999,
                    6.066999999999979
                ],
                "quaternion": [
                    -0.35776784300181197,
                    -0.3046508149696427,
                    0.22836825022494409,
                    0.8526652295838975
                ]
            },
            "calculated_pose": {
                "rotation_matrix": [
                    [
                        0.6726579728507869,
                        -0.16867011479845528,
                        -0.7204732083388985
                    ],
                    [
                        0.6328798984020894,
                        0.6356405643351544,
                        0.4420679893073548
                    ],
                    [
                        0.3833983382317024,
                        -0.753333568444658,
                        0.5343166185845304
                    ]
                ],
                "translation_vector": [
                    -11.82510363927296,
                    7.66998116969327,
                    6.413366192673875
                ],
                "quaternion": [
                    -0.3545069780452503,
                    -0.3273629380747906,
                    0.23770679491686236,
                    0.8430028404119513
                ]
            }
        },
        {
            "frame_id": 3,
            "input_pose": {
                "rotation_matrix": [
                    [
                        0.708511189537953,
                        -0.1760320555044491,
                        -0.6833919883451908
                    ],
                    [
                        0.6127774013722326,
                        0.6337772066024581,
                        0.4720490533394586
                    ],
                    [
                        0.3500225002296403,
                        -0.7532192030385736,
                        0.5569067080821775
                    ]
                ],
                "translation_vector": [
                    -12.801000000000002,
                    7.438999999999993,
                    6.2239999999999895
                ],
                "quaternion": [
                    -0.35980108214585654,
                    -0.30346305746430136,
                    0.23163457856166814,
                    0.8513511473273805
                ]
            },
            "calculated_pose": {
                "rotation_matrix": [
                    [
                        0.7098848920088068,
                        -0.17529924138807515,
                        -0.6821536601575996
                    ],
                    [
                        0.6110543448342257,
                        0.6349314053797277,
                        0.4727311055153227
                    ],
                    [
                        0.3502513779514077,
                        -0.7524176276718199,
                        0.5578455752373149
                    ]
                ],
                "translation_vector": [
                    -13.364317953213538,
                    8.154035014767771,
                    6.638002187486186
                ],
                "quaternion": [
                    -0.3595510782182985,
                    -0.30298553518840043,
                    0.23077547413491564,
                    0.8518600050222234
                ]
            }
        },
        {
            "frame_id": 4,
            "input_pose": {
                "rotation_matrix": [
                    [
                        0.7069451845870465,
                        -0.19737200159885973,
                        -0.6791706699895442
                    ],
                    [
                        0.6309271616013168,
                        0.609947602406256,
                        0.47947350195038496
                    ],
                    [
                        0.31962387699121086,
                        -0.7674687064002802,
                        0.5557268771198562
                    ]
                ],
                "translation_vector": [
                    -13.024000000000001,
                    7.447999999999993,
                    6.262999999999977
                ],
                "quaternion": [
                    -0.3678555100378864,
                    -0.2946504457400978,
                    0.2443532740350299,
                    0.8474402138371118
                ]
            },
            "calculated_pose": {
                "rotation_matrix": [
                    [
                        0.7072946344216088,
                        -0.18791982864500767,
                        -0.6814839969657643
                    ],
                    [
                        0.6334364907412285,
                        0.5964502672797236,
                        0.49295566824957404
                    ],
                    [
                        0.3138351674300373,
                        -0.7803417306949418,
                        0.5409013505438698
                    ]
                ],
                "translation_vector": [
                    -12.74135706664018,
                    6.7344838118196915,
                    6.904098761055096
                ],
                "quaternion": [
                    -0.377472852201988,
                    -0.2950653666199424,
                    0.24349355681544088,
                    0.8433039565075575
                ]
            }
        },
        {
            "frame_id": 5,
            "input_pose": {
                "rotation_matrix": [
                    [
                        0.7055869020690235,
                        -0.2007364199683822,
                        -0.679596949174226
                    ],
                    [
                        0.6352186693042274,
                        0.6042377231634367,
                        0.4810343190185421
                    ],
                    [
                        0.31407700615614137,
                        -0.77110418466284,
                        0.5538537447733398
                    ]
                ],
                "translation_vector": [
                    -13.195000000000007,
                    7.484999999999999,
                    6.290999999999997
                ],
                "quaternion": [
                    -0.3699646720067495,
                    -0.29359712035418256,
                    0.24699651796173142,
                    0.8461203179816982
                ]
            },
            "calculated_pose": {
                "rotation_matrix": [
                    [
                        0.7086951244851436,
                        -0.20608838090800258,
                        -0.6747435066643506
                    ],
                    [
                        0.630449544613937,
                        0.6142739494697271,
                        0.474553354954891
                    ],
                    [
                        0.3166774261406496,
                        -0.7617053854723502,
                        0.5652612789811027
                    ]
                ],
                "translation_vector": [
                    -13.376811828842872,
                    7.743235473121022,
                    5.342180259841322
                ],
                "quaternion": [
                    -0.36371688716442413,
                    -0.2916837096940281,
                    0.2461159305216915,
                    0.8497397179336702
                ]
            }
        },
        {
            "frame_id": 6,
            "input_pose": {
                "rotation_matrix": [
                    [
                        0.7058333972215141,
                        -0.1815612642544224,
                        -0.6847150667898817
                    ],
                    [
                        0.6204084505227847,
                        0.6249663485591522,
                        0.4738253029214011
                    ],
                    [
                        0.34189555406096417,
                        -0.7592447368872411,
                        0.5537642635836755
                    ]
                ],
                "translation_vector": [
                    -12.962000000000003,
                    7.5120000000000005,
                    6.256999999999977
                ],
                "quaternion": [
                    -0.36300922339476666,
                    -0.30222867491105254,
                    0.23609559388254636,
                    0.8492002133425812
                ]
            },
            "calculated_pose": {
                "rotation_matrix": [
                    [
                        -0.7494248561718571,
                        0.5902963122937468,
                        0.299854379064564
                    ],
                    [
                        -0.6329185287179293,
                        -0.5057732773063985,
                        -0.5861804568290183
                    ],
                    [
                        -0.19436182999067353,
                        -0.6290815969770129,
                        0.7526485390854935
                    ]
                ],
                "translation_vector": [
                    -13.243737208702216,
                    7.4294827579952125,
                    7.21293673954115
                ],
                "quaternion": [
                    -0.03041332787220111,
                    0.35035804535502135,
                    -0.8671572338053454,
                    0.3526508207870917
                ]
            }
        },
        {
            "frame_id": 7,
            "input_pose": {
                "rotation_matrix": [
                    [
                        0.7044409398435808,
                        -0.1844840495334048,
                        -0.6853674910148924
                    ],
                    [
                        0.6244163168954919,
                        0.62017236918494,
                        0.4748583954129977
                    ],
                    [
                        0.33744218092431927,
                        -0.7624643388167702,
                        0.5520696573492735
                    ]
                ],
                "translation_vector": [
                    -13.111000000000004,
                    7.575000000000003,
                    6.313999999999993
                ],
                "quaternion": [
                    -0.3647598227976072,
                    -0.3015218781415727,
                    0.2384619195598915,
                    0.8480393514421654
                ]
            },
            "calculated_pose": {
                "rotation_matrix": [
                    [
                        -0.9089306215491935,
                        0.012218452902878253,
                        -0.41676832247527706
                    ],
                    [
                        -0.38347742605756313,
                        -0.4168895747936204,
                        0.824104450984619
                    ],
                    [
                        -0.16367708732276087,
                        0.9088750144200546,
                        0.3836092012041457
                    ]
                ],
                "translation_vector": [
                    -13.677961446614281,
                    8.243449844769565,
                    6.7953829276995465
                ],
                "quaternion": [
                    0.176316301033314,
                    -0.5264104495428028,
                    -0.8230172230195052,
                    0.12019671882099348
                ]
            }
        },
        {
            "frame_id": 8,
            "input_pose": {
                "rotation_matrix": [
                    [
                        0.7032272679610794,
                        -0.1853406560957787,
                        -0.6863820006337451
                    ],
                    [
                        0.6266106930821003,
                        0.6176960592575946,
                        0.475195346876217
                    ],
                    [
                        0.33590243957310895,
                        -0.7642646266677692,
                        0.5505171491545103
                    ]
                ],
                "translation_vector": [
                    -13.215000000000003,
                    7.623999999999995,
                    6.36699999999999
                ],
                "quaternion": [
                    -0.3657232763815336,
                    -0.3016420238221147,
                    0.23957974764983597,
                    0.847266262218257
                ]
            },
            "calculated_pose": {
                "rotation_matrix": [
                    [
                        0.6986117664291476,
                        -0.16863130281510358,
                        -0.6953452980481185
                    ],
                    [
                        0.6344624426654759,
                        0.5952509275849848,
                        0.493085937800069
                    ],
                    [
                        0.33075520956396726,
                        -0.7856461143034418,
                        0.5228395302826667
                    ]
                ],
                "translation_vector": [
                    -12.982820133852332,
                    7.113004786737386,
                    7.194633011532487
                ],
                "quaternion": [
                    -0.38095974477676003,
                    -0.305695776415528,
                    0.2392576207085862,
                    0.8391516883580702
                ]
            }
        },
        {
            "frame_id": 9,
            "input_pose": {
                "rotation_matrix": [
                    [
                        0.7025628605241281,
                        -0.18488426127808902,
                        -0.6871850092542836
                    ],
                    [
                        0.6270802190670085,
                        0.6173578195225606,
                        0.47501549609378224
                    ],
                    [
                        0.3364161498308712,
                        -0.7646483718716759,
                        0.5496699387150147
                    ]
                ],
                "translation_vector": [
                    -13.269000000000005,
                    7.649000000000001,
                    6.420999999999992
                ],
                "quaternion": [
                    -0.3659013194450632,
                    -0.3021278786720194,
                    0.23966083256778006,
                    0.846993302624304
                ]
            },
            "calculated_pose": {
                "rotation_matrix": [
                    [
                        0.9869177075229221,
                        -0.02718521306276654,
                        0.158916338897017
                    ],
                    [
                        0.09321139368829898,
                        -0.7080411800309153,
                        -0.6999923738635399
                    ],
                    [
                        0.13154875394462878,
                        0.7056476823253662,
                        -0.6962444066306416
                    ]
                ],
                "translation_vector": [
                    -12.379332467950066,
                    8.031949858149165,
                    6.669678685374724
                ],
                "quaternion": [
                    0.9207610024029685,
                    0.01792706805925204,
                    0.07886549606347369,
                    0.38165171323517116
                ]
            }
        },
        {
            "frame_id": 10,
            "input_pose": {
                "rotation_matrix": [
                    [
                        0.7017573695629122,
                        -0.18399559988143266,
                        -0.688245750795756
                    ],
                    [
                        0.6274192456343923,
                        0.6172371347358042,
                        0.474724561941664
                    ],
                    [
                        0.33746360466235803,
                        -0.7649600896304372,
                        0.5485930885464028
                    ]
                ],
                "translation_vector": [
                    -13.322000000000003,
                    7.664999999999992,
                    6.441999999999979
                ],
                "quaternion": [
                    -0.3660352258597201,
                    -0.3028558554108246,
                    0.239582232358582,
                    0.8466976427339808
                ]
            },
            "calculated_pose": {
                "rotation_matrix": [
                    [
                        0.7010492958870841,
                        -0.18490205861862755,
                        -0.6887242651851445
                    ],
                    [
                        0.6290193517434739,
                        0.6153345923631791,
                        0.47507683017956187
                    ],
                    [
                        0.33595318106611793,
                        -0.7662731681064098,
                        0.5476868557594954
                    ]
                ],
                "translation_vector": [
                    -12.413367424648108,
                    8.00698803901274,
                    6.681647708483904
                ],
                "quaternion": [
                    -0.36675190789020096,
                    -0.3027368662372489,
                    0.24046983569110722,
                    0.8461782826345992
                ]
            }
        },
        {
            "frame_id": 11,
            "input_pose": {
                "rotation_matrix": [
                    [
                        0.7014346267984966,
                        -0.18552277527362282,
                        -0.6881647798186324
                    ],
                    [
                        0.628920841588897,
                        0.6153807997455101,
                        0.47514739431011294
                    ],
                    [
                        0.33533272930504043,
                        -0.7660860076775644,
                        0.5483285415674468
                    ]
                ],
                "translation_vector": [
                    -13.346000000000004,
                    7.685000000000002,
                    6.472999999999985
                ],
                "quaternion": [
                    -0.36664877113033517,
                    -0.3023316189962467,
                    0.24057904887138462,
                    0.8463368076763904
                ]
            },
            "calculated_pose": {
                "rotation_matrix": [
                    [
                        0.6999111136786641,
                        -0.1891310371624106,
                        -0.6887335360870434
                    ],
                    [
                        0.6311396520017335,
                        0.6151877129055966,
                        0.4724476876450046
                    ],
                    [
                        0.33434588769749024,
                        -0.7653584315024249,
                        0.5499448142385973
                    ]
                ],
                "translation_vector": [
                    -12.398926680710328,
                    7.522947489448411,
                    6.750112092326471
                ],
                "quaternion": [
                    -0.3656427855621078,
                    -0.302213411759114,
                    0.24230455405044307,
                    0.8463219896739742
                ]
            }
        },
        {
            "frame_id": 12,
            "input_pose": {
                "rotation_matrix": [
                    [
                        0.7010092361941586,
                        -0.18682622476845412,
                        -0.6882456047874548
                    ],
                    [
                        0.6303585679772872,
                        0.6136587437491818,
                        0.4754692650401283
                    ],
                    [
                        0.3335178054438867,
                        -0.7671498601700603,
                        0.5479479587451264
                    ]
                ],
                "translation_vector": [
                    -13.361000000000004,
                    7.700000000000003,
                    6.501999999999981
                ],
                "quaternion": [
                    -0.36722014300003014,
                    -0.30195262410264667,
                    0.24149533059760492,
                    0.8459633471209711
                ]
            },
            "calculated_pose": {
                "rotation_matrix": [
                    [
                        0.705673213675535,
                        -0.19839868431517865,
                        -0.6801935588954424
                    ],
                    [
                        0.6239510564464208,
                        0.6288789063631267,
                        0.4638926603115352
                    ],
                    [
                        0.3357236879641323,
                        -0.7517641140633965,
                        0.5675740675420604
                    ]
                ],
                "translation_vector": [
                    -13.634481929367855,
                    8.079794132423023,
                    5.618278295340486
                ],
                "quaternion": [
                    -0.35679834632826873,
                    -0.2981742884394677,
                    0.24136173448964385,
                    0.8517813961898796
                ]
            }
        },
        {
            "frame_id": 13,
            "input_pose": {
                "rotation_matrix": [
                    [
                        0.7003892606116443,
                        -0.18714225514673832,
                        -0.6887907229038929
                    ],
                    [
                        0.631233791334543,
                        0.6128475318375388,
                        0.475354397684565
                    ],
                    [
                        0.33316480050763586,
                        -0.767721094577471,
                        0.547362344926537
                    ]
                ],
                "translation_vector": [
                    -13.355999999999995,
                    7.730000000000004,
                    6.5049999999999955
                ],
                "quaternion": [
                    -0.3674844839743471,
                    -0.3021158413172659,
                    0.24193261069838945,
                    0.8456652909655984
                ]
            },
            "calculated_pose": {
                "rotation_matrix": [
                    [
                        0.7003699349266701,
                        -0.18725328213927123,
                        -0.6887801990322333
                    ],
                    [
                        0.6309457499902437,
                        0.6136176614769565,
                        0.4747429052579938
                    ],
                    [
                        0.33375052781989917,
                        -0.7670785969192604,
                        0.5479060241759688
                    ]
                ],
                "translation_vector": [
                    -13.35714549342765,
                    7.474230029225426,
                    7.471736991065703
                ],
                "quaternion": [
                    -0.3670307375662646,
                    -0.3022175137108694,
                    0.24182557131760396,
                    0.8458566102744003
                ]
            }
        },
        {
            "frame_id": 14,
            "input_pose": {
                "rotation_matrix": [
                    [
                        0.6997507611835465,
                        -0.18504097253048243,
                        -0.6900063120783901
                    ],
                    [
                        0.6303025929849945,
                        0.614543059654632,
                        0.47440011499441676
                    ],
                    [
                        0.3362551315585232,
                        -0.7668746092519276,
                        0.5466587785678225
                    ]
                ],
                "translation_vector": [
                    -13.385000000000005,
                    7.75,
                    6.515999999999991
                ],
                "quaternion": [
                    -0.36692946289480893,
                    -0.3033700380324592,
                    0.24102124269949946,
                    0.8457175354995901
                ]
            },
            "calculated_pose": {
                "rotation_matrix": [
                    [
                        -0.4632540411943244,
                        0.8602928529375853,
                        0.21281893830587015
                    ],
                    [
                        -0.41413744070508385,
                        0.002161431926573837,
                        -0.9102117931658927
                    ],
                    [
                        -0.783508693967955,
                        -0.5097955819703984,
                        0.3552781882976948
                    ]
                ],
                "translation_vector": [
                    -13.814008005843156,
                    7.356820202596266,
                    7.329241524908823
                ],
                "quaternion": [
                    0.21172289589307947,
                    0.5268152628823514,
                    -0.6738640066002646,
                    0.47280693179931915
                ]
            }
        },
        {
            "frame_id": 15,
            "input_pose": {
                "rotation_matrix": [
                    [
                        0.6986788211862878,
                        -0.18544186017856837,
                        -0.6909842410064441
                    ],
                    [
                        0.631800425105797,
                        0.6130791745193335,
                        0.47430174847540546
                    ],
                    [
                        0.3356726495588723,
                        -0.7679487237206692,
                        0.5455076810402596
                    ]
                ],
                "translation_vector": [
                    -13.439000000000007,
                    7.778999999999996,
                    6.532999999999987
                ],
                "quaternion": [
                    -0.3674547474270453,
                    -0.3036826766103008,
                    0.2417383323630317,
                    0.8451724197975643
                ]
            },
            "calculated_pose": {
                "rotation_matrix": [
                    [
                        -0.6287541429993034,
                        0.2132349163252342,
                        -0.747796160809202
                    ],
                    [
                        -0.6735711703972154,
                        -0.6298702048537919,
                        0.3867368659013097
                    ],
                    [
                        -0.3885487177574221,
                        0.7468563419408126,
                        0.5396623930123821
                    ]
                ],
                "translation_vector": [
                    -14.159205230601495,
                    8.210327663889283,
                    7.076379123796686
                ],
                "quaternion": [
                    0.3396519059427259,
                    -0.3388294353849475,
                    -0.8364040203253262,
                    0.26506510764305
                ]
            }
        },
        {
            "frame_id": 16,
            "input_pose": {
                "rotation_matrix": [
                    [
                        0.6981978296002472,
                        -0.19213763074120763,
                        -0.6896397041895568
                    ],
                    [
                        0.6375717644813957,
                        0.605018702248896,
                        0.476922021996407
                    ],
                    [
                        0.32561025149338246,
                        -0.7726807237030162,
                        0.544924273032684
                    ]
                ],
                "translation_vector": [
                    -13.649000000000001,
                    7.734999999999999,
                    6.6129999999999995
                ],
                "quaternion": [
                    -0.37022116846510383,
                    -0.3007892117480133,
                    0.2458189075231708,
                    0.8438217828549206
                ]
            },
            "calculated_pose": {
                "rotation_matrix": [
                    [
                        0.6929113883677321,
                        -0.17614029776756995,
                        -0.699176947111855
                    ],
                    [
                        0.6457189691655378,
                        0.5830542497660108,
                        0.4930464021667631
                    ],
                    [
                        0.3208127502611098,
                        -0.7931092846084618,
                        0.5177420612020592
                    ]
                ],
                "translation_vector": [
                    -13.4529836947858,
                    7.343646997868955,
                    7.512122036106996
                ],
                "quaternion": [
                    -0.384745070598592,
                    -0.3051232538648192,
                    0.24585383008421702,
                    0.8357194055626269
                ]
            }
        },
        {
            "frame_id": 17,
            "input_pose": {
                "rotation_matrix": [
                    [
                        0.6963717928539991,
                        -0.18644712330922514,
                        -0.693039534461795
                    ],
                    [
                        0.6351223975269136,
                        0.6097699731550315,
                        0.4741309101906109
                    ],
                    [
                        0.3341943540471202,
                        -0.7703363226852455,
                        0.5430433534026554
                    ]
                ],
                "translation_vector": [
                    -13.588999999999999,
                    7.837000000000003,
                    6.634999999999991
                ],
                "quaternion": [
                    -0.36863208836735584,
                    -0.3042839245254245,
                    0.24336268581770337,
                    0.8439764687791487
                ]
            },
            "calculated_pose": {
                "rotation_matrix": [
                    [
                        0.6967217669438224,
                        -0.18412864926835776,
                        -0.6933075940629009
                    ],
                    [
                        0.634766034452313,
                        0.6084491943018688,
                        0.4762999679394185
                    ],
                    [
                        0.334141977267692,
                        -0.7719366673970194,
                        0.5407984102746797
                    ]
                ],
                "translation_vector": [
                    -13.854808382337545,
                    7.444509212900989,
                    7.515509446809901
                ],
                "quaternion": [
                    -0.36995748484362145,
                    -0.3045197108084167,
                    0.2427073592976674,
                    0.8435000550563662
                ]
            }
        },
        {
            "frame_id": 18,
            "input_pose": {
                "rotation_matrix": [
                    [
                        0.6908272372392661,
                        -0.20232166320099498,
                        -0.6941351978454529
                    ],
                    [
                        0.6527509156699967,
                        0.5873812829588729,
                        0.4784343952116834
                    ],
                    [
                        0.31092438048558324,
                        -0.78361289743672,
                        0.5378446398268599
                    ]
                ],
                "translation_vector": [
                    -13.989999999999995,
                    7.938999999999993,
                    6.818999999999988
                ],
                "quaternion": [
                    -0.3760323504878048,
                    -0.2994617696354357,
                    0.2547725061838114,
                    0.8390549982011011
                ]
            },
            "calculated_pose": {
                "rotation_matrix": [
                    [
                        -0.9398697246085694,
                        0.30447373321378485,
                        0.15472765281963258
                    ],
                    [
                        -0.1583390078638165,
                        -0.7898633814429138,
                        0.5924901663692554
                    ],
                    [
                        0.30261139990574387,
                        0.5323641464621996,
                        0.7905787476328079
                    ]
                ],
                "translation_vector": [
                    -14.292386207726189,
                    8.537663229877213,
                    7.560731028452988
                ],
                "quaternion": [
                    -0.12187586840873894,
                    -0.2997614032580107,
                    -0.9381247056874007,
                    0.12333454664177092
                ]
            }
        },
        {
            "frame_id": 19,
            "input_pose": {
                "rotation_matrix": [
                    [
                        0.686993722363598,
                        -0.18123151168298807,
                        -0.703700763539522
                    ],
                    [
                        0.6413663152103153,
                        0.6064614961880563,
                        0.4699507456690398
                    ],
                    [
                        0.3415975338707086,
                        -0.7741831778167511,
                        0.5328710275845432
                    ]
                ],
                "translation_vector": [
                    -14.021,
                    8.143,
                    6.930999999999983
                ],
                "quaternion": [
                    -0.3700206746220401,
                    -0.3108845228697929,
                    0.244650673937805,
                    0.8405840597668084
                ]
            },
            "calculated_pose": {
                "rotation_matrix": [
                    [
                        0.6857398006457134,
                        -0.1784647501345501,
                        -0.7056282723713592
                    ],
                    [
                        0.642896841893473,
                        0.603038787388107,
                        0.47225826788832365
                    ],
                    [
                        0.3412397639399243,
                        -0.7774924783333239,
                        0.5282621220959636
                    ]
                ],
                "translation_vector": [
                    -14.018789347884512,
                    7.890032399704321,
                    7.898472225036894
                ],
                "quaternion": [
                    -0.3723032672303733,
                    -0.3118640988661686,
                    0.24468527441498328,
                    0.8392021076787438
                ]
            }
        },
        {
            "frame_id": 20,
            "input_pose": {
                "rotation_matrix": [
                    [
                        0.6836206551995181,
                        -0.182747936640671,
                        -0.7065875681316216
                    ],
                    [
